Bin 1 (Trace Range: -2.00 to -1.80)
-0.9975064432449864 0.07057546092472027 0.0 0.0 0.0 0.0 0.0 0.0 0.0 0.0
-0.07057546092472027 -0.9975064432449864 0.0 0.0 0.0 0.0 0.0 0.0 0.0 0.0
0.0 0.0 0.7322565144622968 0.6810289252502629 0.0 0.0 0.0 0.0 0.0 0.0
0.0 0.0 -0.6810289252502629 0.7322565144622968 0.0 0.0 0.0 0.0 0.0 0.0
0.0 0.0 0.0 0.0 -0.326376251722637 0.94523993901627 0.0 0.0 0.0 0.0
0.0 0.0 0.0 0.0 -0.94523993901627 -0.326376251722637 0.0 0.0 0.0 0.0
0.0 0.0 0.0 0.0 0.0 0.0 0.6486600338584515 -0.7610782880063999 0.0 0.0
0.0 0.0 0.0 0.0 0.0 0.0 0.7610782880063999 0.6486600338584515 0.0 0.0
0.0 0.0 0.0 0.0 0.0 0.0 0.0 0.0 -0.9812520898814934 -0.19272865926789842
0.0 0.0 0.0 0.0 0.0 0.0 0.0 0.0 0.19272865926789842 -0.9812520898814934

-0.9563328359639662 0.29227984339861274 0.0 0.0 0.0 0.0 0.0 0.0 0.0 0.0
-0.29227984339861274 -0.9563328359639662 0.0 0.0 0.0 0.0 0.0 0.0 0.0 0.0
0.0 0.0 0.6202744604492167 0.7843848505130839 0.0 0.0 0.0 0.0 0.0 0.0
0.0 0.0 -0.7843848505130839 0.6202744604492167 0.0 0.0 0.0 0.0 0.0 0.0
0.0 0.0 0.0 0.0 -0.6928444719431689 -0.7210870527875198 0.0 0.0 0.0 0.0
0.0 0.0 0.0 0.0 0.7210870527875198 -0.6928444719431689 0.0 0.0 0.0 0.0
0.0 0.0 0.0 0.0 0.0 0.0 0.25463704311269053 0.967036698515018 0.0 0.0
0.0 0.0 0.0 0.0 0.0 0.0 -0.967036698515018 0.25463704311269053 0.0 0.0
0.0 0.0 0.0 0.0 0.0 0.0 0.0 0.0 -0.2167060483177206 -0.9762369018954967
0.0 0.0 0.0 0.0 0.0 0.0 0.0 0.0 0.9762369018954967 -0.2167060483177206

-0.9248609853119464 0.3803053481714604 0.0 0.0 0.0 0.0 0.0 0.0 0.0 0.0
-0.3803053481714604 -0.9248609853119464 0.0 0.0 0.0 0.0 0.0 0.0 0.0 0.0
0.0 0.0 0.9973922187020076 0.07217175398094999 0.0 0.0 0.0 0.0 0.0 0.0
0.0 0.0 -0.07217175398094999 0.9973922187020076 0.0 0.0 0.0 0.0 0.0 0.0
0.0 0.0 0.0 0.0 0.6726137709768182 0.7399937263871528 0.0 0.0 0.0 0.0
0.0 0.0 0.0 0.0 -0.7399937263871528 0.6726137709768182 0.0 0.0 0.0 0.0
0.0 0.0 0.0 0.0 0.0 0.0 -0.727820142218029 0.6857680661723233 0.0 0.0
0.0 0.0 0.0 0.0 0.0 0.0 -0.6857680661723233 -0.727820142218029 0.0 0.0
0.0 0.0 0.0 0.0 0.0 0.0 0.0 0.0 -0.9544577018645367 0.29834626753399673
0.0 0.0 0.0 0.0 0.0 0.0 0.0 0.0 -0.29834626753399673 -0.9544577018645367

-0.1934922598690641 0.9811018017365795 0.0 0.0 0.0 0.0 0.0 0.0 0.0 0.0
-0.9811018017365795 -0.1934922598690641 0.0 0.0 0.0 0.0 0.0 0.0 0.0 0.0
0.0 0.0 -0.9415757184076303 0.33680137545021216 0.0 0.0 0.0 0.0 0.0 0.0
0.0 0.0 -0.33680137545021216 -0.9415757184076303 0.0 0.0 0.0 0.0 0.0 0.0
0.0 0.0 0.0 0.0 -0.533324844834931 -0.8459105212029207 0.0 0.0 0.0 0.0
0.0 0.0 0.0 0.0 0.8459105212029207 -0.533324844834931 0.0 0.0 0.0 0.0
0.0 0.0 0.0 0.0 0.0 0.0 0.0349138424683553 -0.9993903259508243 0.0 0.0
0.0 0.0 0.0 0.0 0.0 0.0 0.9993903259508243 0.0349138424683553 0.0 0.0
0.0 0.0 0.0 0.0 0.0 0.0 0.0 0.0 0.7133819178090341 -0.7007754557225192
0.0 0.0 0.0 0.0 0.0 0.0 0.0 0.0 0.7007754557225192 0.7133819178090341

-0.27297344995167305 -0.962021567129075 0.0 0.0 0.0 0.0 0.0 0.0 0.0 0.0
0.962021567129075 -0.27297344995167305 0.0 0.0 0.0 0.0 0.0 0.0 0.0 0.0
0.0 0.0 -0.8759978553772364 0.48231499808162964 0.0 0.0 0.0 0.0 0.0 0.0
0.0 0.0 -0.48231499808162964 -0.8759978553772364 0.0 0.0 0.0 0.0 0.0 0.0
0.0 0.0 0.0 0.0 0.20587242211837417 0.9785788398545688 0.0 0.0 0.0 0.0
0.0 0.0 0.0 0.0 -0.9785788398545688 0.20587242211837417 0.0 0.0 0.0 0.0
0.0 0.0 0.0 0.0 0.0 0.0 0.9666757416151236 0.25600392686998147 0.0 0.0
0.0 0.0 0.0 0.0 0.0 0.0 -0.25600392686998147 0.9666757416151236 0.0 0.0
0.0 0.0 0.0 0.0 0.0 0.0 0.0 0.0 -0.9890764467605135 -0.14740346828890066
0.0 0.0 0.0 0.0 0.0 0.0 0.0 0.0 0.14740346828890066 -0.9890764467605135

########################################
Bin 2 (Trace Range: -1.80 to -1.60)
-0.9852424449063918 0.17116461303340552 0.0 0.0 0.0 0.0 0.0 0.0 0.0 0.0
-0.17116461303340552 -0.9852424449063918 0.0 0.0 0.0 0.0 0.0 0.0 0.0 0.0
0.0 0.0 0.8926936275426622 0.45066405153364814 0.0 0.0 0.0 0.0 0.0 0.0
0.0 0.0 -0.45066405153364814 0.8926936275426622 0.0 0.0 0.0 0.0 0.0 0.0
0.0 0.0 0.0 0.0 -0.582668929173562 -0.8127096154074558 0.0 0.0 0.0 0.0
0.0 0.0 0.0 0.0 0.8127096154074558 -0.582668929173562 0.0 0.0 0.0 0.0
0.0 0.0 0.0 0.0 0.0 0.0 0.5463174185364879 -0.8375782221402536 0.0 0.0
0.0 0.0 0.0 0.0 0.0 0.0 0.8375782221402536 0.5463174185364879 0.0 0.0
0.0 0.0 0.0 0.0 0.0 0.0 0.0 0.0 -0.7264844033494449 0.6871829535793224
0.0 0.0 0.0 0.0 0.0 0.0 0.0 0.0 -0.6871829535793224 -0.7264844033494449

0.9558675789681899 -0.29379784117227853 0.0 0.0 0.0 0.0 0.0 0.0 0.0 0.0
0.29379784117227853 0.9558675789681899 0.0 0.0 0.0 0.0 0.0 0.0 0.0 0.0
0.0 0.0 -0.9910404425364598 0.1335621250846883 0.0 0.0 0.0 0.0 0.0 0.0
0.0 0.0 -0.1335621250846883 -0.9910404425364598 0.0 0.0 0.0 0.0 0.0 0.0
0.0 0.0 0.0 0.0 0.31255450779717553 -0.9498998261162412 0.0 0.0 0.0 0.0
0.0 0.0 0.0 0.0 0.9498998261162412 0.31255450779717553 0.0 0.0 0.0 0.0
0.0 0.0 0.0 0.0 0.0 0.0 -0.18295777740776908 0.9831207716684707 0.0 0.0
0.0 0.0 0.0 0.0 0.0 0.0 -0.9831207716684707 -0.18295777740776908 0.0 0.0
0.0 0.0 0.0 0.0 0.0 0.0 0.0 0.0 -0.9452266232189352 -0.3264148139379232
0.0 0.0 0.0 0.0 0.0 0.0 0.0 0.0 0.3264148139379232 -0.9452266232189352

-0.7474494398019075 -0.6643186998269842 0.0 0.0 0.0 0.0 0.0 0.0 0.0 0.0
0.6643186998269842 -0.7474494398019075 0.0 0.0 0.0 0.0 0.0 0.0 0.0 0.0
0.0 0.0 0.30492688980291416 -0.9523757619107709 0.0 0.0 0.0 0.0 0.0 0.0
0.0 0.0 0.9523757619107709 0.30492688980291416 0.0 0.0 0.0 0.0 0.0 0.0
0.0 0.0 0.0 0.0 -0.6004685879210813 -0.7996483445365611 0.0 0.0 0.0 0.0
0.0 0.0 0.0 0.0 0.7996483445365611 -0.6004685879210813 0.0 0.0 0.0 0.0
0.0 0.0 0.0 0.0 0.0 0.0 -0.8435934012110696 0.5369824703220202 0.0 0.0
0.0 0.0 0.0 0.0 0.0 0.0 -0.5369824703220202 -0.8435934012110696 0.0 0.0
0.0 0.0 0.0 0.0 0.0 0.0 0.0 0.0 0.9943794959649926 -0.10587453898084867
0.0 0.0 0.0 0.0 0.0 0.0 0.0 0.0 0.10587453898084867 0.9943794959649926

-0.5809859471160219 -0.8139135883210815 0.0 0.0 0.0 0.0 0.0 0.0 0.0 0.0
0.8139135883210815 -0.5809859471160219 0.0 0.0 0.0 0.0 0.0 0.0 0.0 0.0
0.0 0.0 0.5909345387935 -0.8067195118880623 0.0 0.0 0.0 0.0 0.0 0.0
0.0 0.0 0.8067195118880623 0.5909345387935 0.0 0.0 0.0 0.0 0.0 0.0
0.0 0.0 0.0 0.0 -0.44371134650397986 -0.8961697612526464 0.0 0.0 0.0 0.0
0.0 0.0 0.0 0.0 0.8961697612526464 -0.44371134650397986 0.0 0.0 0.0 0.0
0.0 0.0 0.0 0.0 0.0 0.0 0.5111014010124234 -0.8595204231914084 0.0 0.0
0.0 0.0 0.0 0.0 0.0 0.0 0.8595204231914084 0.5111014010124234 0.0 0.0
0.0 0.0 0.0 0.0 0.0 0.0 0.0 0.0 -0.9323512944642307 -0.36155368026182966
0.0 0.0 0.0 0.0 0.0 0.0 0.0 0.0 0.36155368026182966 -0.9323512944642307

0.8091864835501031 -0.5875518996989276 0.0 0.0 0.0 0.0 0.0 0.0 0.0 0.0
0.5875518996989276 0.8091864835501031 0.0 0.0 0.0 0.0 0.0 0.0 0.0 0.0
0.0 0.0 -0.9927993983888505 -0.11978879145703286 0.0 0.0 0.0 0.0 0.0 0.0
0.0 0.0 0.11978879145703286 -0.9927993983888505 0.0 0.0 0.0 0.0 0.0 0.0
0.0 0.0 0.0 0.0 -0.7408060130358572 -0.6717190268631054 0.0 0.0 0.0 0.0
0.0 0.0 0.0 0.0 0.6717190268631054 -0.7408060130358572 0.0 0.0 0.0 0.0
0.0 0.0 0.0 0.0 0.0 0.0 0.9497717656498547 -0.31294343446437356 0.0 0.0
0.0 0.0 0.0 0.0 0.0 0.0 0.31294343446437356 0.9497717656498547 0.0 0.0
0.0 0.0 0.0 0.0 0.0 0.0 0.0 0.0 -0.841211642733452 -0.5407059941684457
0.0 0.0 0.0 0.0 0.0 0.0 0.0 0.0 0.5407059941684457 -0.841211642733452

########################################
Bin 3 (Trace Range: -1.60 to -1.40)
-0.3292183951965462 -0.9442538050038298 0.0 0.0 0.0 0.0 0.0 0.0 0.0 0.0
0.9442538050038298 -0.3292183951965462 0.0 0.0 0.0 0.0 0.0 0.0 0.0 0.0
0.0 0.0 -0.1642042260626538 0.9864263642782287 0.0 0.0 0.0 0.0 0.0 0.0
0.0 0.0 -0.9864263642782287 -0.1642042260626538 0.0 0.0 0.0 0.0 0.0 0.0
0.0 0.0 0.0 0.0 -0.2559536655526662 0.96668905087942 0.0 0.0 0.0 0.0
0.0 0.0 0.0 0.0 -0.96668905087942 -0.2559536655526662 0.0 0.0 0.0 0.0
0.0 0.0 0.0 0.0 0.0 0.0 -0.974578034934735 0.22404832921213766 0.0 0.0
0.0 0.0 0.0 0.0 0.0 0.0 -0.22404832921213766 -0.974578034934735 0.0 0.0
0.0 0.0 0.0 0.0 0.0 0.0 0.0 0.0 0.9831464800060894 0.18281958005540871
0.0 0.0 0.0 0.0 0.0 0.0 0.0 0.0 -0.18281958005540871 0.9831464800060894

-0.8650426935186698 -0.5016982543222218 0.0 0.0 0.0 0.0 0.0 0.0 0.0 0.0
0.5016982543222218 -0.8650426935186698 0.0 0.0 0.0 0.0 0.0 0.0 0.0 0.0
0.0 0.0 0.9751824539636726 -0.22140275852253824 0.0 0.0 0.0 0.0 0.0 0.0
0.0 0.0 0.22140275852253824 0.9751824539636726 0.0 0.0 0.0 0.0 0.0 0.0
0.0 0.0 0.0 0.0 -0.8167898979670336 0.5769352325686158 0.0 0.0 0.0 0.0
0.0 0.0 0.0 0.0 -0.5769352325686158 -0.8167898979670336 0.0 0.0 0.0 0.0
0.0 0.0 0.0 0.0 0.0 0.0 -0.3839505642802562 -0.9233536506609333 0.0 0.0
0.0 0.0 0.0 0.0 0.0 0.0 0.9233536506609333 -0.3839505642802562 0.0 0.0
0.0 0.0 0.0 0.0 0.0 0.0 0.0 0.0 0.3584665030101521 0.9335425893978659
0.0 0.0 0.0 0.0 0.0 0.0 0.0 0.0 -0.9335425893978659 0.3584665030101521

-0.5100629334218794 -0.8601370843935677 0.0 0.0 0.0 0.0 0.0 0.0 0.0 0.0
0.8601370843935677 -0.5100629334218794 0.0 0.0 0.0 0.0 0.0 0.0 0.0 0.0
0.0 0.0 0.6886131827505324 -0.7251288744369389 0.0 0.0 0.0 0.0 0.0 0.0
0.0 0.0 0.7251288744369389 0.6886131827505324 0.0 0.0 0.0 0.0 0.0 0.0
0.0 0.0 0.0 0.0 -0.9240638281263189 0.3822382000121558 0.0 0.0 0.0 0.0
0.0 0.0 0.0 0.0 -0.3822382000121558 -0.9240638281263189 0.0 0.0 0.0 0.0
0.0 0.0 0.0 0.0 0.0 0.0 -0.9982537290950153 -0.05907192520898448 0.0 0.0
0.0 0.0 0.0 0.0 0.0 0.0 0.05907192520898448 -0.9982537290950153 0.0 0.0
0.0 0.0 0.0 0.0 0.0 0.0 0.0 0.0 0.9474722730933565 -0.31983791476200585
0.0 0.0 0.0 0.0 0.0 0.0 0.0 0.0 0.31983791476200585 0.9474722730933565

0.7160411695873029 -0.698058051637575 0.0 0.0 0.0 0.0 0.0 0.0 0.0 0.0
0.698058051637575 0.7160411695873029 0.0 0.0 0.0 0.0 0.0 0.0 0.0 0.0
0.0 0.0 -0.947031293654993 -0.3211412910825241 0.0 0.0 0.0 0.0 0.0 0.0
0.0 0.0 0.3211412910825241 -0.947031293654993 0.0 0.0 0.0 0.0 0.0 0.0
0.0 0.0 0.0 0.0 0.7672561719384985 -0.6413407570256869 0.0 0.0 0.0 0.0
0.0 0.0 0.0 0.0 0.6413407570256869 0.7672561719384985 0.0 0.0 0.0 0.0
0.0 0.0 0.0 0.0 0.0 0.0 -0.9384494724279595 -0.3454165423075226 0.0 0.0
0.0 0.0 0.0 0.0 0.0 0.0 0.3454165423075226 -0.9384494724279595 0.0 0.0
0.0 0.0 0.0 0.0 0.0 0.0 0.0 0.0 -0.3596399991393379 0.9330911375739548
0.0 0.0 0.0 0.0 0.0 0.0 0.0 0.0 -0.9330911375739548 -0.3596399991393379

-0.6729824996784284 -0.7396584043506665 0.0 0.0 0.0 0.0 0.0 0.0 0.0 0.0
0.7396584043506665 -0.6729824996784284 0.0 0.0 0.0 0.0 0.0 0.0 0.0 0.0
0.0 0.0 0.9703431086863662 -0.24173177578646754 0.0 0.0 0.0 0.0 0.0 0.0
0.0 0.0 0.24173177578646754 0.9703431086863662 0.0 0.0 0.0 0.0 0.0 0.0
0.0 0.0 0.0 0.0 0.4152681424349992 -0.909699054566171 0.0 0.0 0.0 0.0
0.0 0.0 0.0 0.0 0.909699054566171 0.4152681424349992 0.0 0.0 0.0 0.0
0.0 0.0 0.0 0.0 0.0 0.0 -0.6517689464144003 -0.7584175897814229 0.0 0.0
0.0 0.0 0.0 0.0 0.0 0.0 0.7584175897814229 -0.6517689464144003 0.0 0.0
0.0 0.0 0.0 0.0 0.0 0.0 0.0 0.0 -0.8077424770645816 0.5895354872656726
0.0 0.0 0.0 0.0 0.0 0.0 0.0 0.0 -0.5895354872656726 -0.8077424770645816

########################################
Bin 4 (Trace Range: -1.40 to -1.20)
0.9958060196409123 -0.0914897330137267 0.0 0.0 0.0 0.0 0.0 0.0 0.0 0.0
0.0914897330137267 0.9958060196409123 0.0 0.0 0.0 0.0 0.0 0.0 0.0 0.0
0.0 0.0 0.6035550133016556 0.7973213567429625 0.0 0.0 0.0 0.0 0.0 0.0
0.0 0.0 -0.7973213567429625 0.6035550133016556 0.0 0.0 0.0 0.0 0.0 0.0
0.0 0.0 0.0 0.0 -0.9963801791906868 -0.0850090496119962 0.0 0.0 0.0 0.0
0.0 0.0 0.0 0.0 0.0850090496119962 -0.9963801791906868 0.0 0.0 0.0 0.0
0.0 0.0 0.0 0.0 0.0 0.0 -0.30541815406582573 0.9522183316692783 0.0 0.0
0.0 0.0 0.0 0.0 0.0 0.0 -0.9522183316692783 -0.30541815406582573 0.0 0.0
0.0 0.0 0.0 0.0 0.0 0.0 0.0 0.0 -0.994629288971614 0.10350158220926681
0.0 0.0 0.0 0.0 0.0 0.0 0.0 0.0 -0.10350158220926681 -0.994629288971614

-0.7184303150197894 0.6955989379380666 0.0 0.0 0.0 0.0 0.0 0.0 0.0 0.0
-0.6955989379380666 -0.7184303150197894 0.0 0.0 0.0 0.0 0.0 0.0 0.0 0.0
0.0 0.0 0.6329280854102035 -0.7742105906657272 0.0 0.0 0.0 0.0 0.0 0.0
0.0 0.0 0.7742105906657272 0.6329280854102035 0.0 0.0 0.0 0.0 0.0 0.0
0.0 0.0 0.0 0.0 -0.8578267972351307 0.5139388932016314 0.0 0.0 0.0 0.0
0.0 0.0 0.0 0.0 -0.5139388932016314 -0.8578267972351307 0.0 0.0 0.0 0.0
0.0 0.0 0.0 0.0 0.0 0.0 -0.7103085055423345 -0.7038904935813635 0.0 0.0
0.0 0.0 0.0 0.0 0.0 0.0 0.7038904935813635 -0.7103085055423345 0.0 0.0
0.0 0.0 0.0 0.0 0.0 0.0 0.0 0.0 0.978522422605936 0.20614040956932725
0.0 0.0 0.0 0.0 0.0 0.0 0.0 0.0 -0.20614040956932725 0.978522422605936

0.800854535944867 0.5988589251706379 0.0 0.0 0.0 0.0 0.0 0.0 0.0 0.0
-0.5988589251706379 0.800854535944867 0.0 0.0 0.0 0.0 0.0 0.0 0.0 0.0
0.0 0.0 -0.9821810154811674 0.1879373641093827 0.0 0.0 0.0 0.0 0.0 0.0
0.0 0.0 -0.1879373641093827 -0.9821810154811674 0.0 0.0 0.0 0.0 0.0 0.0
0.0 0.0 0.0 0.0 -0.9212136813678103 -0.38905700515575664 0.0 0.0 0.0 0.0
0.0 0.0 0.0 0.0 0.38905700515575664 -0.9212136813678103 0.0 0.0 0.0 0.0
0.0 0.0 0.0 0.0 0.0 0.0 -0.5114614391444641 0.8593062296226379 0.0 0.0
0.0 0.0 0.0 0.0 0.0 0.0 -0.8593062296226379 -0.5114614391444641 0.0 0.0
0.0 0.0 0.0 0.0 0.0 0.0 0.0 0.0 0.9566424001778715 -0.29126503082574323
0.0 0.0 0.0 0.0 0.0 0.0 0.0 0.0 0.29126503082574323 0.9566424001778715

-0.45468671920515275 -0.890651439890182 0.0 0.0 0.0 0.0 0.0 0.0 0.0 0.0
0.890651439890182 -0.45468671920515275 0.0 0.0 0.0 0.0 0.0 0.0 0.0 0.0
0.0 0.0 -0.662902537155538 0.7487057006813495 0.0 0.0 0.0 0.0 0.0 0.0
0.0 0.0 -0.7487057006813495 -0.662902537155538 0.0 0.0 0.0 0.0 0.0 0.0
0.0 0.0 0.0 0.0 -0.9073310641409303 -0.42041686460569944 0.0 0.0 0.0 0.0
0.0 0.0 0.0 0.0 0.42041686460569944 -0.9073310641409303 0.0 0.0 0.0 0.0
0.0 0.0 0.0 0.0 0.0 0.0 0.6151537905742994 -0.7884071371709359 0.0 0.0
0.0 0.0 0.0 0.0 0.0 0.0 0.7884071371709359 0.6151537905742994 0.0 0.0
0.0 0.0 0.0 0.0 0.0 0.0 0.0 0.0 0.7597781430424424 0.6501824154458331
0.0 0.0 0.0 0.0 0.0 0.0 0.0 0.0 -0.6501824154458331 0.7597781430424424

-0.6527353066617988 -0.7575860475464998 0.0 0.0 0.0 0.0 0.0 0.0 0.0 0.0
0.7575860475464998 -0.6527353066617988 0.0 0.0 0.0 0.0 0.0 0.0 0.0 0.0
0.0 0.0 0.9899348911390239 0.14152353622478833 0.0 0.0 0.0 0.0 0.0 0.0
0.0 0.0 -0.14152353622478833 0.9899348911390239 0.0 0.0 0.0 0.0 0.0 0.0
0.0 0.0 0.0 0.0 -0.5071302955751719 0.8618694003791054 0.0 0.0 0.0 0.0
0.0 0.0 0.0 0.0 -0.8618694003791054 -0.5071302955751719 0.0 0.0 0.0 0.0
0.0 0.0 0.0 0.0 0.0 0.0 0.3203469014347924 -0.9473003023018242 0.0 0.0
0.0 0.0 0.0 0.0 0.0 0.0 0.9473003023018242 0.3203469014347924 0.0 0.0
0.0 0.0 0.0 0.0 0.0 0.0 0.0 0.0 -0.7747207844631118 0.632303492099214
0.0 0.0 0.0 0.0 0.0 0.0 0.0 0.0 -0.632303492099214 -0.7747207844631118

########################################
Bin 5 (Trace Range: -1.20 to -1.00)
-0.391199958518574 -0.9203057059776746 0.0 0.0 0.0 0.0 0.0 0.0 0.0 0.0
0.9203057059776746 -0.391199958518574 0.0 0.0 0.0 0.0 0.0 0.0 0.0 0.0
0.0 0.0 -0.35119768107021215 0.93630133440624 0.0 0.0 0.0 0.0 0.0 0.0
0.0 0.0 -0.93630133440624 -0.35119768107021215 0.0 0.0 0.0 0.0 0.0 0.0
0.0 0.0 0.0 0.0 -0.2878815894153231 0.9576660119664409 0.0 0.0 0.0 0.0
0.0 0.0 0.0 0.0 -0.9576660119664409 -0.2878815894153231 0.0 0.0 0.0 0.0
0.0 0.0 0.0 0.0 0.0 0.0 -0.3431479630175295 -0.9392813611889252 0.0 0.0
0.0 0.0 0.0 0.0 0.0 0.0 0.9392813611889252 -0.3431479630175295 0.0 0.0
0.0 0.0 0.0 0.0 0.0 0.0 0.0 0.0 0.8133079413053028 -0.5818334749820864
0.0 0.0 0.0 0.0 0.0 0.0 0.0 0.0 0.5818334749820864 0.8133079413053028

0.970248390423108 -0.24211167027090688 0.0 0.0 0.0 0.0 0.0 0.0 0.0 0.0
0.24211167027090688 0.970248390423108 0.0 0.0 0.0 0.0 0.0 0.0 0.0 0.0
0.0 0.0 -0.7902645358393178 0.6127658307989012 0.0 0.0 0.0 0.0 0.0 0.0
0.0 0.0 -0.6127658307989012 -0.7902645358393178 0.0 0.0 0.0 0.0 0.0 0.0
0.0 0.0 0.0 0.0 -0.6102526230134132 -0.792206877087828 0.0 0.0 0.0 0.0
0.0 0.0 0.0 0.0 0.792206877087828 -0.6102526230134132 0.0 0.0 0.0 0.0
0.0 0.0 0.0 0.0 0.0 0.0 -0.8763423528221889 0.481688779867323 0.0 0.0
0.0 0.0 0.0 0.0 0.0 0.0 -0.481688779867323 -0.8763423528221889 0.0 0.0
0.0 0.0 0.0 0.0 0.0 0.0 0.0 0.0 0.7814856550386933 -0.6239232091922406
0.0 0.0 0.0 0.0 0.0 0.0 0.0 0.0 0.6239232091922406 0.7814856550386933

-0.40550370838367933 0.9140933992142619 0.0 0.0 0.0 0.0 0.0 0.0 0.0 0.0
-0.9140933992142619 -0.40550370838367933 0.0 0.0 0.0 0.0 0.0 0.0 0.0 0.0
0.0 0.0 -0.9488055655556681 -0.3158607268569311 0.0 0.0 0.0 0.0 0.0 0.0
0.0 0.0 0.3158607268569311 -0.9488055655556681 0.0 0.0 0.0 0.0 0.0 0.0
0.0 0.0 0.0 0.0 -0.4118419875848223 0.911255275574404 0.0 0.0 0.0 0.0
0.0 0.0 0.0 0.0 -0.911255275574404 -0.4118419875848223 0.0 0.0 0.0 0.0
0.0 0.0 0.0 0.0 0.0 0.0 0.3710311381206118 -0.9286204254402999 0.0 0.0
0.0 0.0 0.0 0.0 0.0 0.0 0.9286204254402999 0.3710311381206118 0.0 0.0
0.0 0.0 0.0 0.0 0.0 0.0 0.0 0.0 0.8526171502599507 -0.5225361184479028
0.0 0.0 0.0 0.0 0.0 0.0 0.0 0.0 0.5225361184479028 0.8526171502599507

0.9261910793913894 -0.3770544847310704 0.0 0.0 0.0 0.0 0.0 0.0 0.0 0.0
0.3770544847310704 0.9261910793913894 0.0 0.0 0.0 0.0 0.0 0.0 0.0 0.0
0.0 0.0 0.7150451077723867 0.6990783173942501 0.0 0.0 0.0 0.0 0.0 0.0
0.0 0.0 -0.6990783173942501 0.7150451077723867 0.0 0.0 0.0 0.0 0.0 0.0
0.0 0.0 0.0 0.0 -0.8592848724040898 0.5114973196972661 0.0 0.0 0.0 0.0
0.0 0.0 0.0 0.0 -0.5114973196972661 -0.8592848724040898 0.0 0.0 0.0 0.0
0.0 0.0 0.0 0.0 0.0 0.0 -0.9831387744998894 -0.18286101299854954 0.0 0.0
0.0 0.0 0.0 0.0 0.0 0.0 0.18286101299854954 -0.9831387744998894 0.0 0.0
0.0 0.0 0.0 0.0 0.0 0.0 0.0 0.0 -0.38400039361903915 -0.9233329289592259
0.0 0.0 0.0 0.0 0.0 0.0 0.0 0.0 0.9233329289592259 -0.38400039361903915

-0.8908936967487361 -0.4542118680675034 0.0 0.0 0.0 0.0 0.0 0.0 0.0 0.0
0.4542118680675034 -0.8908936967487361 0.0 0.0 0.0 0.0 0.0 0.0 0.0 0.0
0.0 0.0 -0.641614234432924 0.7670274924492947 0.0 0.0 0.0 0.0 0.0 0.0
0.0 0.0 -0.7670274924492947 -0.641614234432924 0.0 0.0 0.0 0.0 0.0 0.0
0.0 0.0 0.0 0.0 0.8361051088249085 -0.5485692727421833 0.0 0.0 0.0 0.0
0.0 0.0 0.0 0.0 0.5485692727421833 0.8361051088249085 0.0 0.0 0.0 0.0
0.0 0.0 0.0 0.0 0.0 0.0 0.8850661194995245 0.4654653199907092 0.0 0.0
0.0 0.0 0.0 0.0 0.0 0.0 -0.4654653199907092 0.8850661194995245 0.0 0.0
0.0 0.0 0.0 0.0 0.0 0.0 0.0 0.0 -0.7597255420752648 -0.6502438778784811
0.0 0.0 0.0 0.0 0.0 0.0 0.0 0.0 0.6502438778784811 -0.7597255420752648

########################################
Bin 6 (Trace Range: -1.00 to -0.80)
-0.6677390790023782 -0.7443954072756331 0.0 0.0 0.0 0.0 0.0 0.0 0.0 0.0
0.7443954072756331 -0.6677390790023782 0.0 0.0 0.0 0.0 0.0 0.0 0.0 0.0
0.0 0.0 0.35905419264170435 -0.9333167129899763 0.0 0.0 0.0 0.0 0.0 0.0
0.0 0.0 0.9333167129899763 0.35905419264170435 0.0 0.0 0.0 0.0 0.0 0.0
0.0 0.0 0.0 0.0 -0.712894838748775 -0.7012709525464162 0.0 0.0 0.0 0.0
0.0 0.0 0.0 0.0 0.7012709525464162 -0.712894838748775 0.0 0.0 0.0 0.0
0.0 0.0 0.0 0.0 0.0 0.0 -0.43880969257999847 0.8985800207537709 0.0 0.0
0.0 0.0 0.0 0.0 0.0 0.0 -0.8985800207537709 -0.43880969257999847 0.0 0.0
0.0 0.0 0.0 0.0 0.0 0.0 0.0 0.0 0.9919501066740336 0.12662932468181828
0.0 0.0 0.0 0.0 0.0 0.0 0.0 0.0 -0.12662932468181828 0.9919501066740336

0.21498814642827913 -0.9766166581086628 0.0 0.0 0.0 0.0 0.0 0.0 0.0 0.0
0.9766166581086628 0.21498814642827913 0.0 0.0 0.0 0.0 0.0 0.0 0.0 0.0
0.0 0.0 0.04100666019506205 -0.9991588731626451 0.0 0.0 0.0 0.0 0.0 0.0
0.0 0.0 0.9991588731626451 0.04100666019506205 0.0 0.0 0.0 0.0 0.0 0.0
0.0 0.0 0.0 0.0 -0.8886741807022854 0.45853920285306227 0.0 0.0 0.0 0.0
0.0 0.0 0.0 0.0 -0.45853920285306227 -0.8886741807022854 0.0 0.0 0.0 0.0
0.0 0.0 0.0 0.0 0.0 0.0 -0.11177058919279748 0.9937340365467487 0.0 0.0
0.0 0.0 0.0 0.0 0.0 0.0 -0.9937340365467487 -0.11177058919279748 0.0 0.0
0.0 0.0 0.0 0.0 0.0 0.0 0.0 0.0 0.2872379695315948 -0.9578592531574598
0.0 0.0 0.0 0.0 0.0 0.0 0.0 0.0 0.9578592531574598 0.2872379695315948

0.6654307194167678 -0.7464596155563159 0.0 0.0 0.0 0.0 0.0 0.0 0.0 0.0
0.7464596155563159 0.6654307194167678 0.0 0.0 0.0 0.0 0.0 0.0 0.0 0.0
0.0 0.0 0.238595138757803 -0.9711191274818681 0.0 0.0 0.0 0.0 0.0 0.0
0.0 0.0 0.9711191274818681 0.238595138757803 0.0 0.0 0.0 0.0 0.0 0.0
0.0 0.0 0.0 0.0 -0.6855407477010919 -0.7280342596618843 0.0 0.0 0.0 0.0
0.0 0.0 0.0 0.0 0.7280342596618843 -0.6855407477010919 0.0 0.0 0.0 0.0
0.0 0.0 0.0 0.0 0.0 0.0 0.03477187478810147 -0.9993952755160095 0.0 0.0
0.0 0.0 0.0 0.0 0.0 0.0 0.9993952755160095 0.03477187478810147 0.0 0.0
0.0 0.0 0.0 0.0 0.0 0.0 0.0 0.0 -0.6565693431230584 0.7542656678325983
0.0 0.0 0.0 0.0 0.0 0.0 0.0 0.0 -0.7542656678325983 -0.6565693431230584

-0.4070270912910106 -0.9134160864333293 0.0 0.0 0.0 0.0 0.0 0.0 0.0 0.0
0.9134160864333293 -0.4070270912910106 0.0 0.0 0.0 0.0 0.0 0.0 0.0 0.0
0.0 0.0 0.24436547870489359 -0.9696832022971875 0.0 0.0 0.0 0.0 0.0 0.0
0.0 0.0 0.9696832022971875 0.24436547870489359 0.0 0.0 0.0 0.0 0.0 0.0
0.0 0.0 0.0 0.0 -0.1303782565250569 0.9914643262495563 0.0 0.0 0.0 0.0
0.0 0.0 0.0 0.0 -0.9914643262495563 -0.1303782565250569 0.0 0.0 0.0 0.0
0.0 0.0 0.0 0.0 0.0 0.0 -0.5794323506995879 0.8150203377601996 0.0 0.0
0.0 0.0 0.0 0.0 0.0 0.0 -0.8150203377601996 -0.5794323506995879 0.0 0.0
0.0 0.0 0.0 0.0 0.0 0.0 0.0 0.0 0.4519875650689096 0.8920242379123329
0.0 0.0 0.0 0.0 0.0 0.0 0.0 0.0 -0.8920242379123329 0.4519875650689096

-0.33684984709738836 -0.9415583787054662 0.0 0.0 0.0 0.0 0.0 0.0 0.0 0.0
0.9415583787054662 -0.33684984709738836 0.0 0.0 0.0 0.0 0.0 0.0 0.0 0.0
0.0 0.0 0.25329067678468326 0.9673902175719771 0.0 0.0 0.0 0.0 0.0 0.0
0.0 0.0 -0.9673902175719771 0.25329067678468326 0.0 0.0 0.0 0.0 0.0 0.0
0.0 0.0 0.0 0.0 0.7196688212523843 -0.69431749777548 0.0 0.0 0.0 0.0
0.0 0.0 0.0 0.0 0.69431749777548 0.7196688212523843 0.0 0.0 0.0 0.0
0.0 0.0 0.0 0.0 0.0 0.0 -0.9943760135292617 -0.10590724110113227 0.0 0.0
0.0 0.0 0.0 0.0 0.0 0.0 0.10590724110113227 -0.9943760135292617 0.0 0.0
0.0 0.0 0.0 0.0 0.0 0.0 0.0 0.0 -0.13132560431927082 0.9913392888664195
0.0 0.0 0.0 0.0 0.0 0.0 0.0 0.0 -0.9913392888664195 -0.13132560431927082

########################################
Bin 7 (Trace Range: -0.80 to -0.60)
-0.5251842521965232 0.8509885435449638 0.0 0.0 0.0 0.0 0.0 0.0 0.0 0.0
-0.8509885435449638 -0.5251842521965232 0.0 0.0 0.0 0.0 0.0 0.0 0.0 0.0
0.0 0.0 0.8091014263409574 -0.5876690241054299 0.0 0.0 0.0 0.0 0.0 0.0
0.0 0.0 0.5876690241054299 0.8091014263409574 0.0 0.0 0.0 0.0 0.0 0.0
0.0 0.0 0.0 0.0 -0.9927613737524339 0.12010351695591702 0.0 0.0 0.0 0.0
0.0 0.0 0.0 0.0 -0.12010351695591702 -0.9927613737524339 0.0 0.0 0.0 0.0
0.0 0.0 0.0 0.0 0.0 0.0 -0.3400128176693456 -0.9404208014610015 0.0 0.0
0.0 0.0 0.0 0.0 0.0 0.0 0.9404208014610015 -0.3400128176693456 0.0 0.0
0.0 0.0 0.0 0.0 0.0 0.0 0.0 0.0 0.6911714282228955 -0.7226908445582543
0.0 0.0 0.0 0.0 0.0 0.0 0.0 0.0 0.7226908445582543 0.6911714282228955

0.9684399148209486 -0.24924712913410643 0.0 0.0 0.0 0.0 0.0 0.0 0.0 0.0
0.24924712913410643 0.9684399148209486 0.0 0.0 0.0 0.0 0.0 0.0 0.0 0.0
0.0 0.0 -0.07016243554803278 -0.9975355796351166 0.0 0.0 0.0 0.0 0.0 0.0
0.0 0.0 0.9975355796351166 -0.07016243554803278 0.0 0.0 0.0 0.0 0.0 0.0
0.0 0.0 0.0 0.0 -0.5209827535919265 0.8535672032475088 0.0 0.0 0.0 0.0
0.0 0.0 0.0 0.0 -0.8535672032475088 -0.5209827535919265 0.0 0.0 0.0 0.0
0.0 0.0 0.0 0.0 0.0 0.0 -0.9945511015330779 0.10425021074003345 0.0 0.0
0.0 0.0 0.0 0.0 0.0 0.0 -0.10425021074003345 -0.9945511015330779 0.0 0.0
0.0 0.0 0.0 0.0 0.0 0.0 0.0 0.0 0.2213604952651727 -0.9751920483350741
0.0 0.0 0.0 0.0 0.0 0.0 0.0 0.0 0.9751920483350741 0.2213604952651727

-0.49792677927233653 0.8672190741003555 0.0 0.0 0.0 0.0 0.0 0.0 0.0 0.0
-0.8672190741003555 -0.49792677927233653 0.0 0.0 0.0 0.0 0.0 0.0 0.0 0.0
0.0 0.0 0.7843522287315978 0.6203157109760925 0.0 0.0 0.0 0.0 0.0 0.0
0.0 0.0 -0.6203157109760925 0.7843522287315978 0.0 0.0 0.0 0.0 0.0 0.0
0.0 0.0 0.0 0.0 -0.7913327630870836 -0.6113856868335745 0.0 0.0 0.0 0.0
0.0 0.0 0.0 0.0 0.6113856868335745 -0.7913327630870836 0.0 0.0 0.0 0.0
0.0 0.0 0.0 0.0 0.0 0.0 0.9821723389494172 -0.18798270293468752 0.0 0.0
0.0 0.0 0.0 0.0 0.0 0.0 0.18798270293468752 0.9821723389494172 0.0 0.0
0.0 0.0 0.0 0.0 0.0 0.0 0.0 0.0 -0.8017966442743182 -0.5975969722400226
0.0 0.0 0.0 0.0 0.0 0.0 0.0 0.0 0.5975969722400226 -0.8017966442743182

-0.8336806207973876 0.5522468854659865 0.0 0.0 0.0 0.0 0.0 0.0 0.0 0.0
-0.5522468854659865 -0.8336806207973876 0.0 0.0 0.0 0.0 0.0 0.0 0.0 0.0
0.0 0.0 0.1600172792808488 -0.9871142134178571 0.0 0.0 0.0 0.0 0.0 0.0
0.0 0.0 0.9871142134178571 0.1600172792808488 0.0 0.0 0.0 0.0 0.0 0.0
0.0 0.0 0.0 0.0 -0.4802033803030249 0.8771571772182842 0.0 0.0 0.0 0.0
0.0 0.0 0.0 0.0 -0.8771571772182842 -0.4802033803030249 0.0 0.0 0.0 0.0
0.0 0.0 0.0 0.0 0.0 0.0 0.5909321746763043 0.8067212436352063 0.0 0.0
0.0 0.0 0.0 0.0 0.0 0.0 -0.8067212436352063 0.5909321746763043 0.0 0.0
0.0 0.0 0.0 0.0 0.0 0.0 0.0 0.0 0.1890608902725754 -0.9819653658705796
0.0 0.0 0.0 0.0 0.0 0.0 0.0 0.0 0.9819653658705796 0.1890608902725754

-0.5108142954961321 -0.8596910814454168 0.0 0.0 0.0 0.0 0.0 0.0 0.0 0.0
0.8596910814454168 -0.5108142954961321 0.0 0.0 0.0 0.0 0.0 0.0 0.0 0.0
0.0 0.0 -0.8603425860495023 0.509716229513692 0.0 0.0 0.0 0.0 0.0 0.0
0.0 0.0 -0.509716229513692 -0.8603425860495023 0.0 0.0 0.0 0.0 0.0 0.0
0.0 0.0 0.0 0.0 0.9698344401281308 0.24376455595790578 0.0 0.0 0.0 0.0
0.0 0.0 0.0 0.0 -0.24376455595790578 0.9698344401281308 0.0 0.0 0.0 0.0
0.0 0.0 0.0 0.0 0.0 0.0 0.7915639203889848 0.6110863768228031 0.0 0.0
0.0 0.0 0.0 0.0 0.0 0.0 -0.6110863768228031 0.7915639203889848 0.0 0.0
0.0 0.0 0.0 0.0 0.0 0.0 0.0 0.0 -0.732344849599849 0.6809339331128788
0.0 0.0 0.0 0.0 0.0 0.0 0.0 0.0 -0.6809339331128788 -0.732344849599849

########################################
Bin 8 (Trace Range: -0.60 to -0.40)
0.14141368559415715 0.9899505894370066 0.0 0.0 0.0 0.0 0.0 0.0 0.0 0.0
-0.9899505894370066 0.14141368559415715 0.0 0.0 0.0 0.0 0.0 0.0 0.0 0.0
0.0 0.0 0.9584925466757888 0.28511758621130495 0.0 0.0 0.0 0.0 0.0 0.0
0.0 0.0 -0.28511758621130495 0.9584925466757888 0.0 0.0 0.0 0.0 0.0 0.0
0.0 0.0 0.0 0.0 0.19908849765233394 -0.9799815151841063 0.0 0.0 0.0 0.0
0.0 0.0 0.0 0.0 0.9799815151841063 0.19908849765233394 0.0 0.0 0.0 0.0
0.0 0.0 0.0 0.0 0.0 0.0 -0.9344154068261733 -0.35618513091632154 0.0 0.0
0.0 0.0 0.0 0.0 0.0 0.0 0.35618513091632154 -0.9344154068261733 0.0 0.0
0.0 0.0 0.0 0.0 0.0 0.0 0.0 0.0 -0.6069939297765384 -0.7947064673289345
0.0 0.0 0.0 0.0 0.0 0.0 0.0 0.0 0.7947064673289345 -0.6069939297765384

-0.5384399539402416 -0.8426638807975755 0.0 0.0 0.0 0.0 0.0 0.0 0.0 0.0
0.8426638807975755 -0.5384399539402416 0.0 0.0 0.0 0.0 0.0 0.0 0.0 0.0
0.0 0.0 -0.4770310917053243 0.8788864190249082 0.0 0.0 0.0 0.0 0.0 0.0
0.0 0.0 -0.8788864190249082 -0.4770310917053243 0.0 0.0 0.0 0.0 0.0 0.0
0.0 0.0 0.0 0.0 0.31139139822863215 -0.9502817461727955 0.0 0.0 0.0 0.0
0.0 0.0 0.0 0.0 0.9502817461727955 0.31139139822863215 0.0 0.0 0.0 0.0
0.0 0.0 0.0 0.0 0.0 0.0 0.7116521018372222 0.7025320533261554 0.0 0.0
0.0 0.0 0.0 0.0 0.0 0.0 -0.7025320533261554 0.7116521018372222 0.0 0.0
0.0 0.0 0.0 0.0 0.0 0.0 0.0 0.0 -0.26134254941050694 0.9652461198407465
0.0 0.0 0.0 0.0 0.0 0.0 0.0 0.0 -0.9652461198407465 -0.26134254941050694

-0.6483951685116408 0.7613039507652386 0.0 0.0 0.0 0.0 0.0 0.0 0.0 0.0
-0.7613039507652386 -0.6483951685116408 0.0 0.0 0.0 0.0 0.0 0.0 0.0 0.0
0.0 0.0 -0.8540472658785768 -0.5201954129414518 0.0 0.0 0.0 0.0 0.0 0.0
0.0 0.0 0.5201954129414518 -0.8540472658785768 0.0 0.0 0.0 0.0 0.0 0.0
0.0 0.0 0.0 0.0 -0.3767949662225578 -0.9262966875841355 0.0 0.0 0.0 0.0
0.0 0.0 0.0 0.0 0.9262966875841355 -0.3767949662225578 0.0 0.0 0.0 0.0
0.0 0.0 0.0 0.0 0.0 0.0 0.6779097720455144 -0.7351451155827662 0.0 0.0
0.0 0.0 0.0 0.0 0.0 0.0 0.7351451155827662 0.6779097720455144 0.0 0.0
0.0 0.0 0.0 0.0 0.0 0.0 0.0 0.0 0.9941053451037499 0.10841846169428071
0.0 0.0 0.0 0.0 0.0 0.0 0.0 0.0 -0.10841846169428071 0.9941053451037499

-0.9999939946965737 0.0034656270412331213 0.0 0.0 0.0 0.0 0.0 0.0 0.0 0.0
-0.0034656270412331213 -0.9999939946965737 0.0 0.0 0.0 0.0 0.0 0.0 0.0 0.0
0.0 0.0 0.5729556464419547 -0.8195863756861028 0.0 0.0 0.0 0.0 0.0 0.0
0.0 0.0 0.8195863756861028 0.5729556464419547 0.0 0.0 0.0 0.0 0.0 0.0
0.0 0.0 0.0 0.0 -0.6525186841248212 0.7577726353386033 0.0 0.0 0.0 0.0
0.0 0.0 0.0 0.0 -0.7577726353386033 -0.6525186841248212 0.0 0.0 0.0 0.0
0.0 0.0 0.0 0.0 0.0 0.0 0.9919058637906901 -0.12697542036805745 0.0 0.0
0.0 0.0 0.0 0.0 0.0 0.0 0.12697542036805745 0.9919058637906901 0.0 0.0
0.0 0.0 0.0 0.0 0.0 0.0 0.0 0.0 -0.17565391090722426 -0.9844519813495206
0.0 0.0 0.0 0.0 0.0 0.0 0.0 0.0 0.9844519813495206 -0.17565391090722426

0.925022149347204 0.3799131785251455 0.0 0.0 0.0 0.0 0.0 0.0 0.0 0.0
-0.3799131785251455 0.925022149347204 0.0 0.0 0.0 0.0 0.0 0.0 0.0 0.0
0.0 0.0 -0.15109619983022562 -0.988519063244035 0.0 0.0 0.0 0.0 0.0 0.0
0.0 0.0 0.988519063244035 -0.15109619983022562 0.0 0.0 0.0 0.0 0.0 0.0
0.0 0.0 0.0 0.0 -0.821611851126456 0.5700473367085916 0.0 0.0 0.0 0.0
0.0 0.0 0.0 0.0 -0.5700473367085916 -0.821611851126456 0.0 0.0 0.0 0.0
0.0 0.0 0.0 0.0 0.0 0.0 -0.4249063104771518 0.9052373320387832 0.0 0.0
0.0 0.0 0.0 0.0 0.0 0.0 -0.9052373320387832 -0.4249063104771518 0.0 0.0
0.0 0.0 0.0 0.0 0.0 0.0 0.0 0.0 0.21646204250708811 -0.9762910345556081
0.0 0.0 0.0 0.0 0.0 0.0 0.0 0.0 0.9762910345556081 0.21646204250708811

########################################
Bin 9 (Trace Range: -0.40 to -0.20)
-0.992721592933855 -0.12043188499259481 0.0 0.0 0.0 0.0 0.0 0.0 0.0 0.0
0.12043188499259481 -0.992721592933855 0.0 0.0 0.0 0.0 0.0 0.0 0.0 0.0
0.0 0.0 0.25791500604056217 -0.9661676095062889 0.0 0.0 0.0 0.0 0.0 0.0
0.0 0.0 0.9661676095062889 0.25791500604056217 0.0 0.0 0.0 0.0 0.0 0.0
0.0 0.0 0.0 0.0 0.5131847391052674 0.858278173758053 0.0 0.0 0.0 0.0
0.0 0.0 0.0 0.0 -0.858278173758053 0.5131847391052674 0.0 0.0 0.0 0.0
0.0 0.0 0.0 0.0 0.0 0.0 0.44750969326973405 0.8942790808408908 0.0 0.0
0.0 0.0 0.0 0.0 0.0 0.0 -0.8942790808408908 0.44750969326973405 0.0 0.0
0.0 0.0 0.0 0.0 0.0 0.0 0.0 0.0 -0.3328528290546167 -0.9429787877732659
0.0 0.0 0.0 0.0 0.0 0.0 0.0 0.0 0.9429787877732659 -0.3328528290546167

-0.9400431695091929 -0.3410554785648676 0.0 0.0 0.0 0.0 0.0 0.0 0.0 0.0
0.3410554785648676 -0.9400431695091929 0.0 0.0 0.0 0.0 0.0 0.0 0.0 0.0
0.0 0.0 -0.5078195350141514 0.8614634756378305 0.0 0.0 0.0 0.0 0.0 0.0
0.0 0.0 -0.8614634756378305 -0.5078195350141514 0.0 0.0 0.0 0.0 0.0 0.0
0.0 0.0 0.0 0.0 0.013360482813506243 0.9999107447662466 0.0 0.0 0.0 0.0
0.0 0.0 0.0 0.0 -0.9999107447662466 0.013360482813506243 0.0 0.0 0.0 0.0
0.0 0.0 0.0 0.0 0.0 0.0 0.6700994479445546 0.7422713317004794 0.0 0.0
0.0 0.0 0.0 0.0 0.0 0.0 -0.7422713317004794 0.6700994479445546 0.0 0.0
0.0 0.0 0.0 0.0 0.0 0.0 0.0 0.0 0.5971476777994763 0.802131317739616
0.0 0.0 0.0 0.0 0.0 0.0 0.0 0.0 -0.802131317739616 0.5971476777994763

0.4761514861070732 0.8793632709398463 0.0 0.0 0.0 0.0 0.0 0.0 0.0 0.0
-0.8793632709398463 0.4761514861070732 0.0 0.0 0.0 0.0 0.0 0.0 0.0 0.0
0.0 0.0 -0.7698767295903671 -0.6381926207934723 0.0 0.0 0.0 0.0 0.0 0.0
0.0 0.0 0.6381926207934723 -0.7698767295903671 0.0 0.0 0.0 0.0 0.0 0.0
0.0 0.0 0.0 0.0 0.46879253269994436 -0.8833083047751626 0.0 0.0 0.0 0.0
0.0 0.0 0.0 0.0 0.8833083047751626 0.46879253269994436 0.0 0.0 0.0 0.0
0.0 0.0 0.0 0.0 0.0 0.0 0.4395506764201293 0.8982177925529012 0.0 0.0
0.0 0.0 0.0 0.0 0.0 0.0 -0.8982177925529012 0.4395506764201293 0.0 0.0
0.0 0.0 0.0 0.0 0.0 0.0 0.0 0.0 -0.8071622459503711 -0.5903296610474122
0.0 0.0 0.0 0.0 0.0 0.0 0.0 0.0 0.5903296610474122 -0.8071622459503711

0.8446943688156009 -0.5352489358151155 0.0 0.0 0.0 0.0 0.0 0.0 0.0 0.0
0.5352489358151155 0.8446943688156009 0.0 0.0 0.0 0.0 0.0 0.0 0.0 0.0
0.0 0.0 -0.8955795788021971 -0.44490135764288163 0.0 0.0 0.0 0.0 0.0 0.0
0.0 0.0 0.44490135764288163 -0.8955795788021971 0.0 0.0 0.0 0.0 0.0 0.0
0.0 0.0 0.0 0.0 -0.8144696054945566 0.5802062234460618 0.0 0.0 0.0 0.0
0.0 0.0 0.0 0.0 -0.5802062234460618 -0.8144696054945566 0.0 0.0 0.0 0.0
0.0 0.0 0.0 0.0 0.0 0.0 -0.2608039819929526 0.9653917769365035 0.0 0.0
0.0 0.0 0.0 0.0 0.0 0.0 -0.9653917769365035 -0.2608039819929526 0.0 0.0
0.0 0.0 0.0 0.0 0.0 0.0 0.0 0.0 0.9720847245845884 -0.2346301093834825
0.0 0.0 0.0 0.0 0.0 0.0 0.0 0.0 0.2346301093834825 0.9720847245845884

-0.996525291821877 -0.08329071232330067 0.0 0.0 0.0 0.0 0.0 0.0 0.0 0.0
0.08329071232330067 -0.996525291821877 0.0 0.0 0.0 0.0 0.0 0.0 0.0 0.0
0.0 0.0 0.9999881661485757 -0.00486493194285049 0.0 0.0 0.0 0.0 0.0 0.0
0.0 0.0 0.00486493194285049 0.9999881661485757 0.0 0.0 0.0 0.0 0.0 0.0
0.0 0.0 0.0 0.0 0.14044216162625126 0.9900888845137824 0.0 0.0 0.0 0.0
0.0 0.0 0.0 0.0 -0.9900888845137824 0.14044216162625126 0.0 0.0 0.0 0.0
0.0 0.0 0.0 0.0 0.0 0.0 -0.9467546832948437 0.32195585048152225 0.0 0.0
0.0 0.0 0.0 0.0 0.0 0.0 -0.32195585048152225 -0.9467546832948437 0.0 0.0
0.0 0.0 0.0 0.0 0.0 0.0 0.0 0.0 0.6696590813440759 -0.7426686439950244
0.0 0.0 0.0 0.0 0.0 0.0 0.0 0.0 0.7426686439950244 0.6696590813440759

########################################
Bin 10 (Trace Range: -0.20 to 0.00)
-0.936706957701925 0.3501143747303215 0.0 0.0 0.0 0.0 0.0 0.0 0.0 0.0
-0.3501143747303215 -0.936706957701925 0.0 0.0 0.0 0.0 0.0 0.0 0.0 0.0
0.0 0.0 -0.8802376427604615 -0.4745331308428382 0.0 0.0 0.0 0.0 0.0 0.0
0.0 0.0 0.4745331308428382 -0.8802376427604615 0.0 0.0 0.0 0.0 0.0 0.0
0.0 0.0 0.0 0.0 0.906663455928064 -0.42185468787792274 0.0 0.0 0.0 0.0
0.0 0.0 0.0 0.0 0.42185468787792274 0.906663455928064 0.0 0.0 0.0 0.0
0.0 0.0 0.0 0.0 0.0 0.0 0.9146436013386983 0.40426115634596455 0.0 0.0
0.0 0.0 0.0 0.0 0.0 0.0 -0.40426115634596455 0.9146436013386983 0.0 0.0
0.0 0.0 0.0 0.0 0.0 0.0 0.0 0.0 -0.03299369322507566 -0.9994555598961715
0.0 0.0 0.0 0.0 0.0 0.0 0.0 0.0 0.9994555598961715 -0.03299369322507566

0.5884292758345783 0.8085486920036379 0.0 0.0 0.0 0.0 0.0 0.0 0.0 0.0
-0.8085486920036379 0.5884292758345783 0.0 0.0 0.0 0.0 0.0 0.0 0.0 0.0
0.0 0.0 0.860046123762284 -0.5102162923716471 0.0 0.0 0.0 0.0 0.0 0.0
0.0 0.0 0.5102162923716471 0.860046123762284 0.0 0.0 0.0 0.0 0.0 0.0
0.0 0.0 0.0 0.0 -0.9401637742442945 0.340722875074045 0.0 0.0 0.0 0.0
0.0 0.0 0.0 0.0 -0.340722875074045 -0.9401637742442945 0.0 0.0 0.0 0.0
0.0 0.0 0.0 0.0 0.0 0.0 -0.29383762031948046 -0.9558553514444457 0.0 0.0
0.0 0.0 0.0 0.0 0.0 0.0 0.9558553514444457 -0.29383762031948046 0.0 0.0
0.0 0.0 0.0 0.0 0.0 0.0 0.0 0.0 -0.27920021394685823 -0.9602329095235325
0.0 0.0 0.0 0.0 0.0 0.0 0.0 0.0 0.9602329095235325 -0.27920021394685823

-0.4500886571672437 0.8929838748204736 0.0 0.0 0.0 0.0 0.0 0.0 0.0 0.0
-0.8929838748204736 -0.4500886571672437 0.0 0.0 0.0 0.0 0.0 0.0 0.0 0.0
0.0 0.0 -0.9985620083966583 0.05360891144979584 0.0 0.0 0.0 0.0 0.0 0.0
0.0 0.0 -0.05360891144979584 -0.9985620083966583 0.0 0.0 0.0 0.0 0.0 0.0
0.0 0.0 0.0 0.0 0.8755672219930475 -0.48309630486206107 0.0 0.0 0.0 0.0
0.0 0.0 0.0 0.0 0.48309630486206107 0.8755672219930475 0.0 0.0 0.0 0.0
0.0 0.0 0.0 0.0 0.0 0.0 0.9585503715837885 -0.28492312144959536 0.0 0.0
0.0 0.0 0.0 0.0 0.0 0.0 0.28492312144959536 0.9585503715837885 0.0 0.0
0.0 0.0 0.0 0.0 0.0 0.0 0.0 0.0 -0.3925328068120144 -0.9197380037686177
0.0 0.0 0.0 0.0 0.0 0.0 0.0 0.0 0.9197380037686177 -0.3925328068120144

-0.8764919708938859 -0.48141647765583556 0.0 0.0 0.0 0.0 0.0 0.0 0.0 0.0
0.48141647765583556 -0.8764919708938859 0.0 0.0 0.0 0.0 0.0 0.0 0.0 0.0
0.0 0.0 0.669717056426578 0.7426163641688216 0.0 0.0 0.0 0.0 0.0 0.0
0.0 0.0 -0.7426163641688216 0.669717056426578 0.0 0.0 0.0 0.0 0.0 0.0
0.0 0.0 0.0 0.0 0.9406122779914993 0.3394827572817837 0.0 0.0 0.0 0.0
0.0 0.0 0.0 0.0 -0.3394827572817837 0.9406122779914993 0.0 0.0 0.0 0.0
0.0 0.0 0.0 0.0 0.0 0.0 -0.6969075256933551 -0.7171610004956807 0.0 0.0
0.0 0.0 0.0 0.0 0.0 0.0 0.7171610004956807 -0.6969075256933551 0.0 0.0
0.0 0.0 0.0 0.0 0.0 0.0 0.0 0.0 -0.10140992362060959 0.9948447252668439
0.0 0.0 0.0 0.0 0.0 0.0 0.0 0.0 -0.9948447252668439 -0.10140992362060959

0.6861965828050631 -0.7274161461960094 0.0 0.0 0.0 0.0 0.0 0.0 0.0 0.0
0.7274161461960094 0.6861965828050631 0.0 0.0 0.0 0.0 0.0 0.0 0.0 0.0
0.0 0.0 0.07357781737377274 0.9972894789330287 0.0 0.0 0.0 0.0 0.0 0.0
0.0 0.0 -0.9972894789330287 0.07357781737377274 0.0 0.0 0.0 0.0 0.0 0.0
0.0 0.0 0.0 0.0 -0.8038314442673704 0.5948571334421682 0.0 0.0 0.0 0.0
0.0 0.0 0.0 0.0 -0.5948571334421682 -0.8038314442673704 0.0 0.0 0.0 0.0
0.0 0.0 0.0 0.0 0.0 0.0 -0.8216958238996057 -0.5699262873266578 0.0 0.0
0.0 0.0 0.0 0.0 0.0 0.0 0.5699262873266578 -0.8216958238996057 0.0 0.0
0.0 0.0 0.0 0.0 0.0 0.0 0.0 0.0 0.836616138126296 0.5477895922949271
0.0 0.0 0.0 0.0 0.0 0.0 0.0 0.0 -0.5477895922949271 0.836616138126296

########################################
Bin 11 (Trace Range: 0.00 to 0.20)
-0.9759188660240784 0.2181338280466304 0.0 0.0 0.0 0.0 0.0 0.0 0.0 0.0
-0.2181338280466304 -0.9759188660240784 0.0 0.0 0.0 0.0 0.0 0.0 0.0 0.0
0.0 0.0 -0.8440031387151605 0.5363382345488316 0.0 0.0 0.0 0.0 0.0 0.0
0.0 0.0 -0.5363382345488316 -0.8440031387151605 0.0 0.0 0.0 0.0 0.0 0.0
0.0 0.0 0.0 0.0 0.5407932333848734 0.8411555615491905 0.0 0.0 0.0 0.0
0.0 0.0 0.0 0.0 -0.8411555615491905 0.5407932333848734 0.0 0.0 0.0 0.0
0.0 0.0 0.0 0.0 0.0 0.0 0.6594578335514982 -0.7517415551687724 0.0 0.0
0.0 0.0 0.0 0.0 0.0 0.0 0.7517415551687724 0.6594578335514982 0.0 0.0
0.0 0.0 0.0 0.0 0.0 0.0 0.0 0.0 0.6513688159590004 0.7587612704903762
0.0 0.0 0.0 0.0 0.0 0.0 0.0 0.0 -0.7587612704903762 0.6513688159590004

-0.9988055213053055 0.04886236394237138 0.0 0.0 0.0 0.0 0.0 0.0 0.0 0.0
-0.04886236394237138 -0.9988055213053055 0.0 0.0 0.0 0.0 0.0 0.0 0.0 0.0
0.0 0.0 0.9870942433459298 0.16014042198435252 0.0 0.0 0.0 0.0 0.0 0.0
0.0 0.0 -0.16014042198435252 0.9870942433459298 0.0 0.0 0.0 0.0 0.0 0.0
0.0 0.0 0.0 0.0 0.9879082068326536 -0.15503991380509424 0.0 0.0 0.0 0.0
0.0 0.0 0.0 0.0 0.15503991380509424 0.9879082068326536 0.0 0.0 0.0 0.0
0.0 0.0 0.0 0.0 0.0 0.0 0.10367182147677842 0.9946115590680047 0.0 0.0
0.0 0.0 0.0 0.0 0.0 0.0 -0.9946115590680047 0.10367182147677842 0.0 0.0
0.0 0.0 0.0 0.0 0.0 0.0 0.0 0.0 -0.9916208755986803 -0.12918219334299388
0.0 0.0 0.0 0.0 0.0 0.0 0.0 0.0 0.12918219334299388 -0.9916208755986803

-0.2063203699455178 -0.9784844939729728 0.0 0.0 0.0 0.0 0.0 0.0 0.0 0.0
0.9784844939729728 -0.2063203699455178 0.0 0.0 0.0 0.0 0.0 0.0 0.0 0.0
0.0 0.0 0.8464511205066491 -0.5324664314236517 0.0 0.0 0.0 0.0 0.0 0.0
0.0 0.0 0.5324664314236517 0.8464511205066491 0.0 0.0 0.0 0.0 0.0 0.0
0.0 0.0 0.0 0.0 -0.9473678705511568 -0.3201470253607969 0.0 0.0 0.0 0.0
0.0 0.0 0.0 0.0 0.3201470253607969 -0.9473678705511568 0.0 0.0 0.0 0.0
0.0 0.0 0.0 0.0 0.0 0.0 0.1692489183612066 0.9855733375216487 0.0 0.0
0.0 0.0 0.0 0.0 0.0 0.0 -0.9855733375216487 0.1692489183612066 0.0 0.0
0.0 0.0 0.0 0.0 0.0 0.0 0.0 0.0 0.1650147711664189 0.9862910956187805
0.0 0.0 0.0 0.0 0.0 0.0 0.0 0.0 -0.9862910956187805 0.1650147711664189

0.024198558777449572 -0.9997071720024291 0.0 0.0 0.0 0.0 0.0 0.0 0.0 0.0
0.9997071720024291 0.024198558777449572 0.0 0.0 0.0 0.0 0.0 0.0 0.0 0.0
0.0 0.0 -0.8397035254602393 -0.5430451080063656 0.0 0.0 0.0 0.0 0.0 0.0
0.0 0.0 0.5430451080063656 -0.8397035254602393 0.0 0.0 0.0 0.0 0.0 0.0
0.0 0.0 0.0 0.0 0.5434279793059128 0.8394557947310224 0.0 0.0 0.0 0.0
0.0 0.0 0.0 0.0 -0.8394557947310224 0.5434279793059128 0.0 0.0 0.0 0.0
0.0 0.0 0.0 0.0 0.0 0.0 0.030462620070798887 -0.9995359066979146 0.0 0.0
0.0 0.0 0.0 0.0 0.0 0.0 0.9995359066979146 0.030462620070798887 0.0 0.0
0.0 0.0 0.0 0.0 0.0 0.0 0.0 0.0 0.291187636246703 0.9566659607705595
0.0 0.0 0.0 0.0 0.0 0.0 0.0 0.0 -0.9566659607705595 0.291187636246703

0.9997067421155041 -0.02421631203971564 0.0 0.0 0.0 0.0 0.0 0.0 0.0 0.0
0.02421631203971564 0.9997067421155041 0.0 0.0 0.0 0.0 0.0 0.0 0.0 0.0
0.0 0.0 -0.6269026451726568 0.7790976020214194 0.0 0.0 0.0 0.0 0.0 0.0
0.0 0.0 -0.7790976020214194 -0.6269026451726568 0.0 0.0 0.0 0.0 0.0 0.0
0.0 0.0 0.0 0.0 0.7573363111209281 0.6530250468839192 0.0 0.0 0.0 0.0
0.0 0.0 0.0 0.0 -0.6530250468839192 0.7573363111209281 0.0 0.0 0.0 0.0
0.0 0.0 0.0 0.0 0.0 0.0 -0.09562092946315022 0.9954178207409204 0.0 0.0
0.0 0.0 0.0 0.0 0.0 0.0 -0.9954178207409204 -0.09562092946315022 0.0 0.0
0.0 0.0 0.0 0.0 0.0 0.0 0.0 0.0 -0.9349002404389428 -0.35491060906544736
0.0 0.0 0.0 0.0 0.0 0.0 0.0 0.0 0.35491060906544736 -0.9349002404389428

########################################
Bin 12 (Trace Range: 0.20 to 0.40)
0.3997419111152336 0.9166277349600221 0.0 0.0 0.0 0.0 0.0 0.0 0.0 0.0
-0.9166277349600221 0.3997419111152336 0.0 0.0 0.0 0.0 0.0 0.0 0.0 0.0
0.0 0.0 0.9391962630543279 0.3433808082359668 0.0 0.0 0.0 0.0 0.0 0.0
0.0 0.0 -0.3433808082359668 0.9391962630543279 0.0 0.0 0.0 0.0 0.0 0.0
0.0 0.0 0.0 0.0 -0.811639965547214 -0.5841579977424921 0.0 0.0 0.0 0.0
0.0 0.0 0.0 0.0 0.5841579977424921 -0.811639965547214 0.0 0.0 0.0 0.0
0.0 0.0 0.0 0.0 0.0 0.0 -0.021259767071055254 0.9997739856107902 0.0 0.0
0.0 0.0 0.0 0.0 0.0 0.0 -0.9997739856107902 -0.021259767071055254 0.0 0.0
0.0 0.0 0.0 0.0 0.0 0.0 0.0 0.0 -0.33099689848276675 0.9436318419779978
0.0 0.0 0.0 0.0 0.0 0.0 0.0 0.0 -0.9436318419779978 -0.33099689848276675

0.1525182927056276 -0.9883006477738242 0.0 0.0 0.0 0.0 0.0 0.0 0.0 0.0
0.9883006477738242 0.1525182927056276 0.0 0.0 0.0 0.0 0.0 0.0 0.0 0.0
0.0 0.0 0.5998968861154821 -0.8000773250311174 0.0 0.0 0.0 0.0 0.0 0.0
0.0 0.0 0.8000773250311174 0.5998968861154821 0.0 0.0 0.0 0.0 0.0 0.0
0.0 0.0 0.0 0.0 -0.3228815088686226 -0.9464393964912501 0.0 0.0 0.0 0.0
0.0 0.0 0.0 0.0 0.9464393964912501 -0.3228815088686226 0.0 0.0 0.0 0.0
0.0 0.0 0.0 0.0 0.0 0.0 0.3555302529713804 -0.9346647737141409 0.0 0.0
0.0 0.0 0.0 0.0 0.0 0.0 0.9346647737141409 0.3555302529713804 0.0 0.0
0.0 0.0 0.0 0.0 0.0 0.0 0.0 0.0 -0.6484949086207098 0.7612189918105152
0.0 0.0 0.0 0.0 0.0 0.0 0.0 0.0 -0.7612189918105152 -0.6484949086207098

0.6529978646519002 -0.7573597485739908 0.0 0.0 0.0 0.0 0.0 0.0 0.0 0.0
0.7573597485739908 0.6529978646519002 0.0 0.0 0.0 0.0 0.0 0.0 0.0 0.0
0.0 0.0 0.8990315339442376 0.43788388983139254 0.0 0.0 0.0 0.0 0.0 0.0
0.0 0.0 -0.43788388983139254 0.8990315339442376 0.0 0.0 0.0 0.0 0.0 0.0
0.0 0.0 0.0 0.0 0.3681301977050841 -0.9297742508467395 0.0 0.0 0.0 0.0
0.0 0.0 0.0 0.0 0.9297742508467395 0.3681301977050841 0.0 0.0 0.0 0.0
0.0 0.0 0.0 0.0 0.0 0.0 -0.8585772547311872 -0.5126842085126654 0.0 0.0
0.0 0.0 0.0 0.0 0.0 0.0 0.5126842085126654 -0.8585772547311872 0.0 0.0
0.0 0.0 0.0 0.0 0.0 0.0 0.0 0.0 -0.9103440869350693 0.413852199924508
0.0 0.0 0.0 0.0 0.0 0.0 0.0 0.0 -0.413852199924508 -0.9103440869350693

-0.19033179941148934 -0.981719820586701 0.0 0.0 0.0 0.0 0.0 0.0 0.0 0.0
0.981719820586701 -0.19033179941148934 0.0 0.0 0.0 0.0 0.0 0.0 0.0 0.0
0.0 0.0 0.5595685617240147 0.8287840639938231 0.0 0.0 0.0 0.0 0.0 0.0
0.0 0.0 -0.8287840639938231 0.5595685617240147 0.0 0.0 0.0 0.0 0.0 0.0
0.0 0.0 0.0 0.0 0.9306709502519077 0.36585732513810787 0.0 0.0 0.0 0.0
0.0 0.0 0.0 0.0 -0.36585732513810787 0.9306709502519077 0.0 0.0 0.0 0.0
0.0 0.0 0.0 0.0 0.0 0.0 -0.13890090924723758 -0.9903062846464676 0.0 0.0
0.0 0.0 0.0 0.0 0.0 0.0 0.9903062846464676 -0.13890090924723758 0.0 0.0
0.0 0.0 0.0 0.0 0.0 0.0 0.0 0.0 -0.9908704359613145 0.13481757725843646
0.0 0.0 0.0 0.0 0.0 0.0 0.0 0.0 -0.13481757725843646 -0.9908704359613145

0.35400728463069586 -0.9352426649957761 0.0 0.0 0.0 0.0 0.0 0.0 0.0 0.0
0.9352426649957761 0.35400728463069586 0.0 0.0 0.0 0.0 0.0 0.0 0.0 0.0
0.0 0.0 -0.8470073691409651 -0.5315811477290189 0.0 0.0 0.0 0.0 0.0 0.0
0.0 0.0 0.5315811477290189 -0.8470073691409651 0.0 0.0 0.0 0.0 0.0 0.0
0.0 0.0 0.0 0.0 -0.7612296851002046 -0.6484823563692719 0.0 0.0 0.0 0.0
0.0 0.0 0.0 0.0 0.6484823563692719 -0.7612296851002046 0.0 0.0 0.0 0.0
0.0 0.0 0.0 0.0 0.0 0.0 0.9316094840853091 0.36346082204593133 0.0 0.0
0.0 0.0 0.0 0.0 0.0 0.0 -0.36346082204593133 0.9316094840853091 0.0 0.0
0.0 0.0 0.0 0.0 0.0 0.0 0.0 0.0 0.4750289518770777 -0.8799701670389543
0.0 0.0 0.0 0.0 0.0 0.0 0.0 0.0 0.8799701670389543 0.4750289518770777

########################################
Bin 13 (Trace Range: 0.40 to 0.60)
-0.057375370512030704 -0.9983526765920985 0.0 0.0 0.0 0.0 0.0 0.0 0.0 0.0
0.9983526765920985 -0.057375370512030704 0.0 0.0 0.0 0.0 0.0 0.0 0.0 0.0
0.0 0.0 -0.26379310659073235 -0.9645792849295544 0.0 0.0 0.0 0.0 0.0 0.0
0.0 0.0 0.9645792849295544 -0.26379310659073235 0.0 0.0 0.0 0.0 0.0 0.0
0.0 0.0 0.0 0.0 0.6504413534169886 -0.7595564796412945 0.0 0.0 0.0 0.0
0.0 0.0 0.0 0.0 0.7595564796412945 0.6504413534169886 0.0 0.0 0.0 0.0
0.0 0.0 0.0 0.0 0.0 0.0 -0.9914151533096442 -0.13075164927454877 0.0 0.0
0.0 0.0 0.0 0.0 0.0 0.0 0.13075164927454877 -0.9914151533096442 0.0 0.0
0.0 0.0 0.0 0.0 0.0 0.0 0.0 0.0 0.8859796152086811 -0.46372418681224453
0.0 0.0 0.0 0.0 0.0 0.0 0.0 0.0 0.46372418681224453 0.8859796152086811

0.5060150822814925 -0.8625246295055314 0.0 0.0 0.0 0.0 0.0 0.0 0.0 0.0
0.8625246295055314 0.5060150822814925 0.0 0.0 0.0 0.0 0.0 0.0 0.0 0.0
0.0 0.0 -0.9996586028061364 0.026128104326245842 0.0 0.0 0.0 0.0 0.0 0.0
0.0 0.0 -0.026128104326245842 -0.9996586028061364 0.0 0.0 0.0 0.0 0.0 0.0
0.0 0.0 0.0 0.0 -0.8750201708211564 0.4840864598975212 0.0 0.0 0.0 0.0
0.0 0.0 0.0 0.0 -0.4840864598975212 -0.8750201708211564 0.0 0.0 0.0 0.0
0.0 0.0 0.0 0.0 0.0 0.0 0.9391279971019844 0.34356746798731586 0.0 0.0
0.0 0.0 0.0 0.0 0.0 0.0 -0.34356746798731586 0.9391279971019844 0.0 0.0
0.0 0.0 0.0 0.0 0.0 0.0 0.0 0.0 0.66464214866321 -0.7471618393764174
0.0 0.0 0.0 0.0 0.0 0.0 0.0 0.0 0.7471618393764174 0.66464214866321

0.2397998384796945 -0.970822351135939 0.0 0.0 0.0 0.0 0.0 0.0 0.0 0.0
0.970822351135939 0.2397998384796945 0.0 0.0 0.0 0.0 0.0 0.0 0.0 0.0
0.0 0.0 -0.5652611510853158 -0.8249120141407227 0.0 0.0 0.0 0.0 0.0 0.0
0.0 0.0 0.8249120141407227 -0.5652611510853158 0.0 0.0 0.0 0.0 0.0 0.0
0.0 0.0 0.0 0.0 0.32338758241091853 0.9462665964422613 0.0 0.0 0.0 0.0
0.0 0.0 0.0 0.0 -0.9462665964422613 0.32338758241091853 0.0 0.0 0.0 0.0
0.0 0.0 0.0 0.0 0.0 0.0 -0.20418919329898785 0.9789314446578518 0.0 0.0
0.0 0.0 0.0 0.0 0.0 0.0 -0.9789314446578518 -0.20418919329898785 0.0 0.0
0.0 0.0 0.0 0.0 0.0 0.0 0.0 0.0 0.4453166062600789 0.8953731737041298
0.0 0.0 0.0 0.0 0.0 0.0 0.0 0.0 -0.8953731737041298 0.4453166062600789

-0.8227338973143328 0.5684267184166917 0.0 0.0 0.0 0.0 0.0 0.0 0.0 0.0
-0.5684267184166917 -0.8227338973143328 0.0 0.0 0.0 0.0 0.0 0.0 0.0 0.0
0.0 0.0 0.09868719510314455 -0.9951185042610121 0.0 0.0 0.0 0.0 0.0 0.0
0.0 0.0 0.9951185042610121 0.09868719510314455 0.0 0.0 0.0 0.0 0.0 0.0
0.0 0.0 0.0 0.0 0.9820816293398853 0.1884560248787929 0.0 0.0 0.0 0.0
0.0 0.0 0.0 0.0 -0.1884560248787929 0.9820816293398853 0.0 0.0 0.0 0.0
0.0 0.0 0.0 0.0 0.0 0.0 -0.654706719283558 0.7558830013467431 0.0 0.0
0.0 0.0 0.0 0.0 0.0 0.0 -0.7558830013467431 -0.654706719283558 0.0 0.0
0.0 0.0 0.0 0.0 0.0 0.0 0.0 0.0 0.6925520487752407 -0.721367908724263
0.0 0.0 0.0 0.0 0.0 0.0 0.0 0.0 0.721367908724263 0.6925520487752407

0.81934992758071 -0.5732937259149844 0.0 0.0 0.0 0.0 0.0 0.0 0.0 0.0
0.5732937259149844 0.81934992758071 0.0 0.0 0.0 0.0 0.0 0.0 0.0 0.0
0.0 0.0 -0.933353622327401 0.3589582366910101 0.0 0.0 0.0 0.0 0.0 0.0
0.0 0.0 -0.3589582366910101 -0.933353622327401 0.0 0.0 0.0 0.0 0.0 0.0
0.0 0.0 0.0 0.0 -0.9626575559714275 0.27072205290873114 0.0 0.0 0.0 0.0
0.0 0.0 0.0 0.0 -0.27072205290873114 -0.9626575559714275 0.0 0.0 0.0 0.0
0.0 0.0 0.0 0.0 0.0 0.0 0.9716587852174148 -0.2363878277530758 0.0 0.0
0.0 0.0 0.0 0.0 0.0 0.0 0.2363878277530758 0.9716587852174148 0.0 0.0
0.0 0.0 0.0 0.0 0.0 0.0 0.0 0.0 0.3444710430726673 0.9387969431588646
0.0 0.0 0.0 0.0 0.0 0.0 0.0 0.0 -0.9387969431588646 0.3444710430726673

########################################
Bin 14 (Trace Range: 0.60 to 0.80)
0.9998908356947087 -0.014775543771283576 0.0 0.0 0.0 0.0 0.0 0.0 0.0 0.0
0.014775543771283576 0.9998908356947087 0.0 0.0 0.0 0.0 0.0 0.0 0.0 0.0
0.0 0.0 0.20239682910508494 -0.9793035911137092 0.0 0.0 0.0 0.0 0.0 0.0
0.0 0.0 0.9793035911137092 0.20239682910508494 0.0 0.0 0.0 0.0 0.0 0.0
0.0 0.0 0.0 0.0 -0.9568486655061925 0.29058670189638497 0.0 0.0 0.0 0.0
0.0 0.0 0.0 0.0 -0.29058670189638497 -0.9568486655061925 0.0 0.0 0.0 0.0
0.0 0.0 0.0 0.0 0.0 0.0 -0.7644809646930223 0.6446463019532696 0.0 0.0
0.0 0.0 0.0 0.0 0.0 0.0 -0.6446463019532696 -0.7644809646930223 0.0 0.0
0.0 0.0 0.0 0.0 0.0 0.0 0.0 0.0 0.8856004384434454 -0.4644479125034123
0.0 0.0 0.0 0.0 0.0 0.0 0.0 0.0 0.4644479125034123 0.8856004384434454

-0.37681106465555386 -0.9262901389700464 0.0 0.0 0.0 0.0 0.0 0.0 0.0 0.0
0.9262901389700464 -0.37681106465555386 0.0 0.0 0.0 0.0 0.0 0.0 0.0 0.0
0.0 0.0 -0.12192020207988888 -0.9925399056586083 0.0 0.0 0.0 0.0 0.0 0.0
0.0 0.0 0.9925399056586083 -0.12192020207988888 0.0 0.0 0.0 0.0 0.0 0.0
0.0 0.0 0.0 0.0 0.8380034288321498 -0.5456649643009528 0.0 0.0 0.0 0.0
0.0 0.0 0.0 0.0 0.5456649643009528 0.8380034288321498 0.0 0.0 0.0 0.0
0.0 0.0 0.0 0.0 0.0 0.0 0.9081851661781752 0.4185686370643651 0.0 0.0
0.0 0.0 0.0 0.0 0.0 0.0 -0.4185686370643651 0.9081851661781752 0.0 0.0
0.0 0.0 0.0 0.0 0.0 0.0 0.0 0.0 -0.8770524322168943 -0.4803946618587992
0.0 0.0 0.0 0.0 0.0 0.0 0.0 0.0 0.4803946618587992 -0.8770524322168943

-0.8864055522182457 -0.46290949114990826 0.0 0.0 0.0 0.0 0.0 0.0 0.0 0.0
0.46290949114990826 -0.8864055522182457 0.0 0.0 0.0 0.0 0.0 0.0 0.0 0.0
0.0 0.0 0.6788496784330904 -0.7342772733043627 0.0 0.0 0.0 0.0 0.0 0.0
0.0 0.0 0.7342772733043627 0.6788496784330904 0.0 0.0 0.0 0.0 0.0 0.0
0.0 0.0 0.0 0.0 0.6862958093050199 -0.7273225296458015 0.0 0.0 0.0 0.0
0.0 0.0 0.0 0.0 0.7273225296458015 0.6862958093050199 0.0 0.0 0.0 0.0
0.0 0.0 0.0 0.0 0.0 0.0 -0.9019216611189763 -0.4318996610375915 0.0 0.0
0.0 0.0 0.0 0.0 0.0 0.0 0.4318996610375915 -0.9019216611189763 0.0 0.0
0.0 0.0 0.0 0.0 0.0 0.0 0.0 0.0 0.7585762406854702 0.6515842900711307
0.0 0.0 0.0 0.0 0.0 0.0 0.0 0.0 -0.6515842900711307 0.7585762406854702

0.9995142142842567 0.03116625488769961 0.0 0.0 0.0 0.0 0.0 0.0 0.0 0.0
-0.03116625488769961 0.9995142142842567 0.0 0.0 0.0 0.0 0.0 0.0 0.0 0.0
0.0 0.0 -0.17543488007078697 -0.9844910374678627 0.0 0.0 0.0 0.0 0.0 0.0
0.0 0.0 0.9844910374678627 -0.17543488007078697 0.0 0.0 0.0 0.0 0.0 0.0
0.0 0.0 0.0 0.0 0.7073416513481056 0.7068718329853971 0.0 0.0 0.0 0.0
0.0 0.0 0.0 0.0 -0.7068718329853971 0.7073416513481056 0.0 0.0 0.0 0.0
0.0 0.0 0.0 0.0 0.0 0.0 -0.26791929866727765 -0.9634413575312376 0.0 0.0
0.0 0.0 0.0 0.0 0.0 0.0 0.9634413575312376 -0.26791929866727765 0.0 0.0
0.0 0.0 0.0 0.0 0.0 0.0 0.0 0.0 -0.8913492957116912 -0.45331714398892103
0.0 0.0 0.0 0.0 0.0 0.0 0.0 0.0 0.45331714398892103 -0.8913492957116912

-0.6997157685403983 -0.7144213345470023 0.0 0.0 0.0 0.0 0.0 0.0 0.0 0.0
0.7144213345470023 -0.6997157685403983 0.0 0.0 0.0 0.0 0.0 0.0 0.0 0.0
0.0 0.0 0.13565053523980575 0.9907567472841929 0.0 0.0 0.0 0.0 0.0 0.0
0.0 0.0 -0.9907567472841929 0.13565053523980575 0.0 0.0 0.0 0.0 0.0 0.0
0.0 0.0 0.0 0.0 -0.7047325058050514 0.7094731110209415 0.0 0.0 0.0 0.0
0.0 0.0 0.0 0.0 -0.7094731110209415 -0.7047325058050514 0.0 0.0 0.0 0.0
0.0 0.0 0.0 0.0 0.0 0.0 0.6872881291100515 -0.7263849031914177 0.0 0.0
0.0 0.0 0.0 0.0 0.0 0.0 0.7263849031914177 0.6872881291100515 0.0 0.0
0.0 0.0 0.0 0.0 0.0 0.0 0.0 0.0 0.9474571991231971 -0.3198825656856377
0.0 0.0 0.0 0.0 0.0 0.0 0.0 0.0 0.3198825656856377 0.9474571991231971

########################################
Bin 15 (Trace Range: 0.80 to 1.00)
0.9974819231713862 0.07092117417466226 0.0 0.0 0.0 0.0 0.0 0.0 0.0 0.0
-0.07092117417466226 0.9974819231713862 0.0 0.0 0.0 0.0 0.0 0.0 0.0 0.0
0.0 0.0 -0.5658812213172149 0.8244867757341758 0.0 0.0 0.0 0.0 0.0 0.0
0.0 0.0 -0.8244867757341758 -0.5658812213172149 0.0 0.0 0.0 0.0 0.0 0.0
0.0 0.0 0.0 0.0 -0.9232466643533715 0.3842077520826108 0.0 0.0 0.0 0.0
0.0 0.0 0.0 0.0 -0.3842077520826108 -0.9232466643533715 0.0 0.0 0.0 0.0
0.0 0.0 0.0 0.0 0.0 0.0 0.11102755808455056 0.9938173279560896 0.0 0.0
0.0 0.0 0.0 0.0 0.0 0.0 -0.9938173279560896 0.11102755808455056 0.0 0.0
0.0 0.0 0.0 0.0 0.0 0.0 0.0 0.0 0.8231707909254903 -0.5677938437206789
0.0 0.0 0.0 0.0 0.0 0.0 0.0 0.0 0.5677938437206789 0.8231707909254903

-0.06201171442043885 0.9980754216363801 0.0 0.0 0.0 0.0 0.0 0.0 0.0 0.0
-0.9980754216363801 -0.06201171442043885 0.0 0.0 0.0 0.0 0.0 0.0 0.0 0.0
0.0 0.0 0.3812398428222853 0.92447616640173 0.0 0.0 0.0 0.0 0.0 0.0
0.0 0.0 -0.92447616640173 0.3812398428222853 0.0 0.0 0.0 0.0 0.0 0.0
0.0 0.0 0.0 0.0 0.9922964848281913 0.12388577883524406 0.0 0.0 0.0 0.0
0.0 0.0 0.0 0.0 -0.12388577883524406 0.9922964848281913 0.0 0.0 0.0 0.0
0.0 0.0 0.0 0.0 0.0 0.0 -0.8625240145099525 0.5060161305666403 0.0 0.0
0.0 0.0 0.0 0.0 0.0 0.0 -0.5060161305666403 -0.8625240145099525 0.0 0.0
0.0 0.0 0.0 0.0 0.0 0.0 0.0 0.0 -0.030439434918297426 0.9995366130371888
0.0 0.0 0.0 0.0 0.0 0.0 0.0 0.0 -0.9995366130371888 -0.030439434918297426

-0.17837598870113983 -0.9839624010371996 0.0 0.0 0.0 0.0 0.0 0.0 0.0 0.0
0.9839624010371996 -0.17837598870113983 0.0 0.0 0.0 0.0 0.0 0.0 0.0 0.0
0.0 0.0 -0.5303415194507719 0.8477840955966599 0.0 0.0 0.0 0.0 0.0 0.0
0.0 0.0 -0.8477840955966599 -0.5303415194507719 0.0 0.0 0.0 0.0 0.0 0.0
0.0 0.0 0.0 0.0 -0.47437146816996717 0.8803247754018229 0.0 0.0 0.0 0.0
0.0 0.0 0.0 0.0 -0.8803247754018229 -0.47437146816996717 0.0 0.0 0.0 0.0
0.0 0.0 0.0 0.0 0.0 0.0 0.6349883451682639 -0.7725217158763046 0.0 0.0
0.0 0.0 0.0 0.0 0.0 0.0 0.7725217158763046 0.6349883451682639 0.0 0.0
0.0 0.0 0.0 0.0 0.0 0.0 0.0 0.0 0.9963627022914042 -0.08521364610536573
0.0 0.0 0.0 0.0 0.0 0.0 0.0 0.0 0.08521364610536573 0.9963627022914042

-0.009244819609727823 0.9999572657420834 0.0 0.0 0.0 0.0 0.0 0.0 0.0 0.0
-0.9999572657420834 -0.009244819609727823 0.0 0.0 0.0 0.0 0.0 0.0 0.0 0.0
0.0 0.0 0.8926187440129136 -0.4508123532433518 0.0 0.0 0.0 0.0 0.0 0.0
0.0 0.0 0.4508123532433518 0.8926187440129136 0.0 0.0 0.0 0.0 0.0 0.0
0.0 0.0 0.0 0.0 -0.31941427075171086 0.9476151769785839 0.0 0.0 0.0 0.0
0.0 0.0 0.0 0.0 -0.9476151769785839 -0.31941427075171086 0.0 0.0 0.0 0.0
0.0 0.0 0.0 0.0 0.0 0.0 0.856400761420806 -0.5163116654094344 0.0 0.0
0.0 0.0 0.0 0.0 0.0 0.0 0.5163116654094344 0.856400761420806 0.0 0.0
0.0 0.0 0.0 0.0 0.0 0.0 0.0 0.0 -0.9941588722563498 0.10792653387366223
0.0 0.0 0.0 0.0 0.0 0.0 0.0 0.0 -0.10792653387366223 -0.9941588722563498

-0.3542287211405357 -0.9351588170568359 0.0 0.0 0.0 0.0 0.0 0.0 0.0 0.0
0.9351588170568359 -0.3542287211405357 0.0 0.0 0.0 0.0 0.0 0.0 0.0 0.0
0.0 0.0 0.16120125006923028 -0.9869215556345486 0.0 0.0 0.0 0.0 0.0 0.0
0.0 0.0 0.9869215556345486 0.16120125006923028 0.0 0.0 0.0 0.0 0.0 0.0
0.0 0.0 0.0 0.0 -0.7469049301906268 -0.6649308424617818 0.0 0.0 0.0 0.0
0.0 0.0 0.0 0.0 0.6649308424617818 -0.7469049301906268 0.0 0.0 0.0 0.0
0.0 0.0 0.0 0.0 0.0 0.0 0.8850624625730157 -0.4654722734429938 0.0 0.0
0.0 0.0 0.0 0.0 0.0 0.0 0.4654722734429938 0.8850624625730157 0.0 0.0
0.0 0.0 0.0 0.0 0.0 0.0 0.0 0.0 0.5188277770400177 -0.8548787854261642
0.0 0.0 0.0 0.0 0.0 0.0 0.0 0.0 0.8548787854261642 0.5188277770400177

########################################
Bin 16 (Trace Range: 1.00 to 1.20)
0.854231735797162 -0.5198924326790759 0.0 0.0 0.0 0.0 0.0 0.0 0.0 0.0
0.5198924326790759 0.854231735797162 0.0 0.0 0.0 0.0 0.0 0.0 0.0 0.0
0.0 0.0 0.37378828567543915 0.9275140524497817 0.0 0.0 0.0 0.0 0.0 0.0
0.0 0.0 -0.9275140524497817 0.37378828567543915 0.0 0.0 0.0 0.0 0.0 0.0
0.0 0.0 0.0 0.0 -0.5414591672322102 -0.8407270485836658 0.0 0.0 0.0 0.0
0.0 0.0 0.0 0.0 0.8407270485836658 -0.5414591672322102 0.0 0.0 0.0 0.0
0.0 0.0 0.0 0.0 0.0 0.0 0.8406559771817876 0.5415695043376555 0.0 0.0
0.0 0.0 0.0 0.0 0.0 0.0 -0.5415695043376555 0.8406559771817876 0.0 0.0
0.0 0.0 0.0 0.0 0.0 0.0 0.0 0.0 -0.9478106953521769 -0.31883363338271403
0.0 0.0 0.0 0.0 0.0 0.0 0.0 0.0 0.31883363338271403 -0.9478106953521769

-0.982681575394057 -0.18530224332439776 0.0 0.0 0.0 0.0 0.0 0.0 0.0 0.0
0.18530224332439776 -0.982681575394057 0.0 0.0 0.0 0.0 0.0 0.0 0.0 0.0
0.0 0.0 0.4129270207896019 0.9107641162791954 0.0 0.0 0.0 0.0 0.0 0.0
0.0 0.0 -0.9107641162791954 0.4129270207896019 0.0 0.0 0.0 0.0 0.0 0.0
0.0 0.0 0.0 0.0 0.9912382115610264 0.13208636546327468 0.0 0.0 0.0 0.0
0.0 0.0 0.0 0.0 -0.13208636546327468 0.9912382115610264 0.0 0.0 0.0 0.0
0.0 0.0 0.0 0.0 0.0 0.0 -0.8036555587771941 -0.5950947343461509 0.0 0.0
0.0 0.0 0.0 0.0 0.0 0.0 0.5950947343461509 -0.8036555587771941 0.0 0.0
0.0 0.0 0.0 0.0 0.0 0.0 0.0 0.0 0.9737580604934866 0.22758567534878657
0.0 0.0 0.0 0.0 0.0 0.0 0.0 0.0 -0.22758567534878657 0.9737580604934866

0.9557331494632474 -0.2942348501062748 0.0 0.0 0.0 0.0 0.0 0.0 0.0 0.0
0.2942348501062748 0.9557331494632474 0.0 0.0 0.0 0.0 0.0 0.0 0.0 0.0
0.0 0.0 -0.4700198048740073 -0.8826558689694416 0.0 0.0 0.0 0.0 0.0 0.0
0.0 0.0 0.8826558689694416 -0.4700198048740073 0.0 0.0 0.0 0.0 0.0 0.0
0.0 0.0 0.0 0.0 -0.17368058641050338 0.9848020379264574 0.0 0.0 0.0 0.0
0.0 0.0 0.0 0.0 -0.9848020379264574 -0.17368058641050338 0.0 0.0 0.0 0.0
0.0 0.0 0.0 0.0 0.0 0.0 0.6002088205302417 0.7998433420099814 0.0 0.0
0.0 0.0 0.0 0.0 0.0 0.0 -0.7998433420099814 0.6002088205302417 0.0 0.0
0.0 0.0 0.0 0.0 0.0 0.0 0.0 0.0 -0.31385101735827553 -0.9494722423026254
0.0 0.0 0.0 0.0 0.0 0.0 0.0 0.0 0.9494722423026254 -0.31385101735827553

0.6798496731556264 -0.7333514995622413 0.0 0.0 0.0 0.0 0.0 0.0 0.0 0.0
0.7333514995622413 0.6798496731556264 0.0 0.0 0.0 0.0 0.0 0.0 0.0 0.0
0.0 0.0 0.7242838454475844 0.6895019298186624 0.0 0.0 0.0 0.0 0.0 0.0
0.0 0.0 -0.6895019298186624 0.7242838454475844 0.0 0.0 0.0 0.0 0.0 0.0
0.0 0.0 0.0 0.0 0.19889598636944017 0.9800206051946702 0.0 0.0 0.0 0.0
0.0 0.0 0.0 0.0 -0.9800206051946702 0.19889598636944017 0.0 0.0 0.0 0.0
0.0 0.0 0.0 0.0 0.0 0.0 -0.7325206707534508 0.6807447883890956 0.0 0.0
0.0 0.0 0.0 0.0 0.0 0.0 -0.6807447883890956 -0.7325206707534508 0.0 0.0
0.0 0.0 0.0 0.0 0.0 0.0 0.0 0.0 -0.33860478207084566 -0.9409286910062606
0.0 0.0 0.0 0.0 0.0 0.0 0.0 0.0 0.9409286910062606 -0.33860478207084566

0.8985617958187965 -0.4388470110356221 0.0 0.0 0.0 0.0 0.0 0.0 0.0 0.0
0.4388470110356221 0.8985617958187965 0.0 0.0 0.0 0.0 0.0 0.0 0.0 0.0
0.0 0.0 -0.9504091675497699 -0.3110022736851829 0.0 0.0 0.0 0.0 0.0 0.0
0.0 0.0 0.3110022736851829 -0.9504091675497699 0.0 0.0 0.0 0.0 0.0 0.0
0.0 0.0 0.0 0.0 -0.7570684906852567 0.6533355190187866 0.0 0.0 0.0 0.0
0.0 0.0 0.0 0.0 -0.6533355190187866 -0.7570684906852567 0.0 0.0 0.0 0.0
0.0 0.0 0.0 0.0 0.0 0.0 0.7979688974867671 -0.6026986300330816 0.0 0.0
0.0 0.0 0.0 0.0 0.0 0.0 0.6026986300330816 0.7979688974867671 0.0 0.0
0.0 0.0 0.0 0.0 0.0 0.0 0.0 0.0 0.5652972330753495 0.8248872882263091
0.0 0.0 0.0 0.0 0.0 0.0 0.0 0.0 -0.8248872882263091 0.5652972330753495

########################################
Bin 17 (Trace Range: 1.20 to 1.40)
0.2763395854019001 -0.9610600571972108 0.0 0.0 0.0 0.0 0.0 0.0 0.0 0.0
0.9610600571972108 0.2763395854019001 0.0 0.0 0.0 0.0 0.0 0.0 0.0 0.0
0.0 0.0 0.9629320071919879 0.2697442298274598 0.0 0.0 0.0 0.0 0.0 0.0
0.0 0.0 -0.2697442298274598 0.9629320071919879 0.0 0.0 0.0 0.0 0.0 0.0
0.0 0.0 0.0 0.0 -0.9769782131215494 -0.21333909882115912 0.0 0.0 0.0 0.0
0.0 0.0 0.0 0.0 0.21333909882115912 -0.9769782131215494 0.0 0.0 0.0 0.0
0.0 0.0 0.0 0.0 0.0 0.0 -0.2778133767867972 -0.9606350647765868 0.0 0.0
0.0 0.0 0.0 0.0 0.0 0.0 0.9606350647765868 -0.2778133767867972 0.0 0.0
0.0 0.0 0.0 0.0 0.0 0.0 0.0 0.0 0.6873958075196065 0.7262830053116127
0.0 0.0 0.0 0.0 0.0 0.0 0.0 0.0 -0.7262830053116127 0.6873958075196065

0.2721554445257005 0.9622533003398941 0.0 0.0 0.0 0.0 0.0 0.0 0.0 0.0
-0.9622533003398941 0.2721554445257005 0.0 0.0 0.0 0.0 0.0 0.0 0.0 0.0
0.0 0.0 -0.9454085132922769 0.3258876232606674 0.0 0.0 0.0 0.0 0.0 0.0
0.0 0.0 -0.3258876232606674 -0.9454085132922769 0.0 0.0 0.0 0.0 0.0 0.0
0.0 0.0 0.0 0.0 0.9931091811572388 -0.11719280823155796 0.0 0.0 0.0 0.0
0.0 0.0 0.0 0.0 0.11719280823155796 0.9931091811572388 0.0 0.0 0.0 0.0
0.0 0.0 0.0 0.0 0.0 0.0 0.2123975285503834 -0.9771833450615545 0.0 0.0
0.0 0.0 0.0 0.0 0.0 0.0 0.9771833450615545 0.2123975285503834 0.0 0.0
0.0 0.0 0.0 0.0 0.0 0.0 0.0 0.0 0.11540008674757274 -0.9933190927283401
0.0 0.0 0.0 0.0 0.0 0.0 0.0 0.0 0.9933190927283401 0.11540008674757274

0.447293487415074 0.8943872405820987 0.0 0.0 0.0 0.0 0.0 0.0 0.0 0.0
-0.8943872405820987 0.447293487415074 0.0 0.0 0.0 0.0 0.0 0.0 0.0 0.0
0.0 0.0 -0.1430024783418615 0.9897223303472977 0.0 0.0 0.0 0.0 0.0 0.0
0.0 0.0 -0.9897223303472977 -0.1430024783418615 0.0 0.0 0.0 0.0 0.0 0.0
0.0 0.0 0.0 0.0 0.5063988463988881 -0.8622993728200637 0.0 0.0 0.0 0.0
0.0 0.0 0.0 0.0 0.8622993728200637 0.5063988463988881 0.0 0.0 0.0 0.0
0.0 0.0 0.0 0.0 0.0 0.0 -0.6666981310136557 -0.7453278487369825 0.0 0.0
0.0 0.0 0.0 0.0 0.0 0.0 0.7453278487369825 -0.6666981310136557 0.0 0.0
0.0 0.0 0.0 0.0 0.0 0.0 0.0 0.0 0.5250351266075931 0.8510805577782568
0.0 0.0 0.0 0.0 0.0 0.0 0.0 0.0 -0.8510805577782568 0.5250351266075931

-0.7676127757719682 0.6409138994214856 0.0 0.0 0.0 0.0 0.0 0.0 0.0 0.0
-0.6409138994214856 -0.7676127757719682 0.0 0.0 0.0 0.0 0.0 0.0 0.0 0.0
0.0 0.0 -0.6193734749924575 0.7850964899143082 0.0 0.0 0.0 0.0 0.0 0.0
0.0 0.0 -0.7850964899143082 -0.6193734749924575 0.0 0.0 0.0 0.0 0.0 0.0
0.0 0.0 0.0 0.0 0.808002100051079 -0.5891796044611916 0.0 0.0 0.0 0.0
0.0 0.0 0.0 0.0 0.5891796044611916 0.808002100051079 0.0 0.0 0.0 0.0
0.0 0.0 0.0 0.0 0.0 0.0 0.21890289534484664 -0.9757466486796883 0.0 0.0
0.0 0.0 0.0 0.0 0.0 0.0 0.9757466486796883 0.21890289534484664 0.0 0.0
0.0 0.0 0.0 0.0 0.0 0.0 0.0 0.0 0.9679687873873819 -0.2510705610855274
0.0 0.0 0.0 0.0 0.0 0.0 0.0 0.0 0.2510705610855274 0.9679687873873819

0.030656746973927628 -0.9995299714690784 0.0 0.0 0.0 0.0 0.0 0.0 0.0 0.0
0.9995299714690784 0.030656746973927628 0.0 0.0 0.0 0.0 0.0 0.0 0.0 0.0
0.0 0.0 -0.9884327188084091 -0.15166001578865948 0.0 0.0 0.0 0.0 0.0 0.0
0.0 0.0 0.15166001578865948 -0.9884327188084091 0.0 0.0 0.0 0.0 0.0 0.0
0.0 0.0 0.0 0.0 0.4743720416613538 -0.8803244663702349 0.0 0.0 0.0 0.0
0.0 0.0 0.0 0.0 0.8803244663702349 0.4743720416613538 0.0 0.0 0.0 0.0
0.0 0.0 0.0 0.0 0.0 0.0 0.9990514326212706 0.04354578024776656 0.0 0.0
0.0 0.0 0.0 0.0 0.0 0.0 -0.04354578024776656 0.9990514326212706 0.0 0.0
0.0 0.0 0.0 0.0 0.0 0.0 0.0 0.0 0.15045658260313133 -0.9886166176791624
0.0 0.0 0.0 0.0 0.0 0.0 0.0 0.0 0.9886166176791624 0.15045658260313133

########################################
Bin 18 (Trace Range: 1.40 to 1.60)
0.6302392340731836 -0.7764009968018117 0.0 0.0 0.0 0.0 0.0 0.0 0.0 0.0
0.7764009968018117 0.6302392340731836 0.0 0.0 0.0 0.0 0.0 0.0 0.0 0.0
0.0 0.0 0.9631756558243428 -0.26887293658408074 0.0 0.0 0.0 0.0 0.0 0.0
0.0 0.0 0.26887293658408074 0.9631756558243428 0.0 0.0 0.0 0.0 0.0 0.0
0.0 0.0 0.0 0.0 -0.7482406085977618 -0.6634274577112791 0.0 0.0 0.0 0.0
0.0 0.0 0.0 0.0 0.6634274577112791 -0.7482406085977618 0.0 0.0 0.0 0.0
0.0 0.0 0.0 0.0 0.0 0.0 -0.03282253096613511 -0.9994611955753846 0.0 0.0
0.0 0.0 0.0 0.0 0.0 0.0 0.9994611955753846 -0.03282253096613511 0.0 0.0
0.0 0.0 0.0 0.0 0.0 0.0 0.0 0.0 -0.029130904004146634 0.9995756051604607
0.0 0.0 0.0 0.0 0.0 0.0 0.0 0.0 -0.9995756051604607 -0.029130904004146634

0.7655692000155626 0.6433535575307961 0.0 0.0 0.0 0.0 0.0 0.0 0.0 0.0
-0.6433535575307961 0.7655692000155626 0.0 0.0 0.0 0.0 0.0 0.0 0.0 0.0
0.0 0.0 -0.924549434848129 0.38106212422911473 0.0 0.0 0.0 0.0 0.0 0.0
0.0 0.0 -0.38106212422911473 -0.924549434848129 0.0 0.0 0.0 0.0 0.0 0.0
0.0 0.0 0.0 0.0 0.8803398833205388 0.4743434302645923 0.0 0.0 0.0 0.0
0.0 0.0 0.0 0.0 -0.4743434302645923 0.8803398833205388 0.0 0.0 0.0 0.0
0.0 0.0 0.0 0.0 0.0 0.0 -0.9929658664365212 0.1184009632223013 0.0 0.0
0.0 0.0 0.0 0.0 0.0 0.0 -0.1184009632223013 -0.9929658664365212 0.0 0.0
0.0 0.0 0.0 0.0 0.0 0.0 0.0 0.0 0.9999122937179205 0.013244050429047884
0.0 0.0 0.0 0.0 0.0 0.0 0.0 0.0 -0.013244050429047884 0.9999122937179205

0.5119766156031056 0.8589993859576326 0.0 0.0 0.0 0.0 0.0 0.0 0.0 0.0
-0.8589993859576326 0.5119766156031056 0.0 0.0 0.0 0.0 0.0 0.0 0.0 0.0
0.0 0.0 0.5880053930782969 0.8088570069615751 0.0 0.0 0.0 0.0 0.0 0.0
0.0 0.0 -0.8088570069615751 0.5880053930782969 0.0 0.0 0.0 0.0 0.0 0.0
0.0 0.0 0.0 0.0 0.026265157633479967 -0.9996550112386214 0.0 0.0 0.0 0.0
0.0 0.0 0.0 0.0 0.9996550112386214 0.026265157633479967 0.0 0.0 0.0 0.0
0.0 0.0 0.0 0.0 0.0 0.0 0.24218055005341135 0.9702311998569346 0.0 0.0
0.0 0.0 0.0 0.0 0.0 0.0 -0.9702311998569346 0.24218055005341135 0.0 0.0
0.0 0.0 0.0 0.0 0.0 0.0 0.0 0.0 -0.6510641396018385 0.7590227177921078
0.0 0.0 0.0 0.0 0.0 0.0 0.0 0.0 -0.7590227177921078 -0.6510641396018385

-0.6270589926380158 0.7789717708311366 0.0 0.0 0.0 0.0 0.0 0.0 0.0 0.0
-0.7789717708311366 -0.6270589926380158 0.0 0.0 0.0 0.0 0.0 0.0 0.0 0.0
0.0 0.0 0.9998705571993491 0.01608940166268328 0.0 0.0 0.0 0.0 0.0 0.0
0.0 0.0 -0.01608940166268328 0.9998705571993491 0.0 0.0 0.0 0.0 0.0 0.0
0.0 0.0 0.0 0.0 -0.22438391452844453 0.9745008255003644 0.0 0.0 0.0 0.0
0.0 0.0 0.0 0.0 -0.9745008255003644 -0.22438391452844453 0.0 0.0 0.0 0.0
0.0 0.0 0.0 0.0 0.0 0.0 0.21183991336227675 0.9773043799690366 0.0 0.0
0.0 0.0 0.0 0.0 0.0 0.0 -0.9773043799690366 0.21183991336227675 0.0 0.0
0.0 0.0 0.0 0.0 0.0 0.0 0.0 0.0 0.4251528431669878 0.9051215719156331
0.0 0.0 0.0 0.0 0.0 0.0 0.0 0.0 -0.9051215719156331 0.4251528431669878

0.009954570077825797 0.9999504520397826 0.0 0.0 0.0 0.0 0.0 0.0 0.0 0.0
-0.9999504520397826 0.009954570077825797 0.0 0.0 0.0 0.0 0.0 0.0 0.0 0.0
0.0 0.0 0.9817561722298692 0.1901442039310042 0.0 0.0 0.0 0.0 0.0 0.0
0.0 0.0 -0.1901442039310042 0.9817561722298692 0.0 0.0 0.0 0.0 0.0 0.0
0.0 0.0 0.0 0.0 0.5135014974768074 0.8580886970990099 0.0 0.0 0.0 0.0
0.0 0.0 0.0 0.0 -0.8580886970990099 0.5135014974768074 0.0 0.0 0.0 0.0
0.0 0.0 0.0 0.0 0.0 0.0 -0.9963691383091242 -0.08513835930491825 0.0 0.0
0.0 0.0 0.0 0.0 0.0 0.0 0.08513835930491825 -0.9963691383091242 0.0 0.0
0.0 0.0 0.0 0.0 0.0 0.0 0.0 0.0 0.230391638051331 0.9730979874175183
0.0 0.0 0.0 0.0 0.0 0.0 0.0 0.0 -0.9730979874175183 0.230391638051331

########################################
Bin 19 (Trace Range: 1.60 to 1.80)
0.17429446466514875 -0.9846935764932607 0.0 0.0 0.0 0.0 0.0 0.0 0.0 0.0
0.9846935764932607 0.17429446466514875 0.0 0.0 0.0 0.0 0.0 0.0 0.0 0.0
0.0 0.0 0.6814193584143325 -0.7318932012105315 0.0 0.0 0.0 0.0 0.0 0.0
0.0 0.0 0.7318932012105315 0.6814193584143325 0.0 0.0 0.0 0.0 0.0 0.0
0.0 0.0 0.0 0.0 0.998696015862785 -0.05105161995274871 0.0 0.0 0.0 0.0
0.0 0.0 0.0 0.0 0.05105161995274871 0.998696015862785 0.0 0.0 0.0 0.0
0.0 0.0 0.0 0.0 0.0 0.0 -0.5332420611485368 0.8459627085292 0.0 0.0
0.0 0.0 0.0 0.0 0.0 0.0 -0.8459627085292 -0.5332420611485368 0.0 0.0
0.0 0.0 0.0 0.0 0.0 0.0 0.0 0.0 -0.47871722896238467 0.8779691422223083
0.0 0.0 0.0 0.0 0.0 0.0 0.0 0.0 -0.8779691422223083 -0.47871722896238467

0.46133481341885835 -0.8872261210806336 0.0 0.0 0.0 0.0 0.0 0.0 0.0 0.0
0.8872261210806336 0.46133481341885835 0.0 0.0 0.0 0.0 0.0 0.0 0.0 0.0
0.0 0.0 0.8080514152135092 -0.5891119676016138 0.0 0.0 0.0 0.0 0.0 0.0
0.0 0.0 0.5891119676016138 0.8080514152135092 0.0 0.0 0.0 0.0 0.0 0.0
0.0 0.0 0.0 0.0 0.23117882192028527 0.9729112766822826 0.0 0.0 0.0 0.0
0.0 0.0 0.0 0.0 -0.9729112766822826 0.23117882192028527 0.0 0.0 0.0 0.0
0.0 0.0 0.0 0.0 0.0 0.0 -0.9376229837534485 0.34765376502675815 0.0 0.0
0.0 0.0 0.0 0.0 0.0 0.0 -0.34765376502675815 -0.9376229837534485 0.0 0.0
0.0 0.0 0.0 0.0 0.0 0.0 0.0 0.0 0.27265612455860966 0.9621115516096249
0.0 0.0 0.0 0.0 0.0 0.0 0.0 0.0 -0.9621115516096249 0.27265612455860966

0.840010048249725 0.5425708422312193 0.0 0.0 0.0 0.0 0.0 0.0 0.0 0.0
-0.5425708422312193 0.840010048249725 0.0 0.0 0.0 0.0 0.0 0.0 0.0 0.0
0.0 0.0 0.602513160540166 -0.7981089470591719 0.0 0.0 0.0 0.0 0.0 0.0
0.0 0.0 0.7981089470591719 0.602513160540166 0.0 0.0 0.0 0.0 0.0 0.0
0.0 0.0 0.0 0.0 -0.9987419261104075 -0.050145438768381366 0.0 0.0 0.0 0.0
0.0 0.0 0.0 0.0 0.050145438768381366 -0.9987419261104075 0.0 0.0 0.0 0.0
0.0 0.0 0.0 0.0 0.0 0.0 -0.42553485997621215 -0.9049420329198028 0.0 0.0
0.0 0.0 0.0 0.0 0.0 0.0 0.9049420329198028 -0.42553485997621215 0.0 0.0
0.0 0.0 0.0 0.0 0.0 0.0 0.0 0.0 0.858001347367883 -0.5136474354213183
0.0 0.0 0.0 0.0 0.0 0.0 0.0 0.0 0.5136474354213183 0.858001347367883

-0.6031942995974342 -0.7975942809054994 0.0 0.0 0.0 0.0 0.0 0.0 0.0 0.0
0.7975942809054994 -0.6031942995974342 0.0 0.0 0.0 0.0 0.0 0.0 0.0 0.0
0.0 0.0 -0.31285032695341053 0.9498024388919751 0.0 0.0 0.0 0.0 0.0 0.0
0.0 0.0 -0.9498024388919751 -0.31285032695341053 0.0 0.0 0.0 0.0 0.0 0.0
0.0 0.0 0.0 0.0 0.3646227938535823 -0.9311553136842468 0.0 0.0 0.0 0.0
0.0 0.0 0.0 0.0 0.9311553136842468 0.3646227938535823 0.0 0.0 0.0 0.0
0.0 0.0 0.0 0.0 0.0 0.0 0.9483598427795737 0.3171964826461702 0.0 0.0
0.0 0.0 0.0 0.0 0.0 0.0 -0.3171964826461702 0.9483598427795737 0.0 0.0
0.0 0.0 0.0 0.0 0.0 0.0 0.0 0.0 0.46261460578933267 0.8865594884216064
0.0 0.0 0.0 0.0 0.0 0.0 0.0 0.0 -0.8865594884216064 0.46261460578933267

0.5300039798560051 0.8479951540762455 0.0 0.0 0.0 0.0 0.0 0.0 0.0 0.0
-0.8479951540762455 0.5300039798560051 0.0 0.0 0.0 0.0 0.0 0.0 0.0 0.0
0.0 0.0 0.5854564341201384 -0.8107038693304307 0.0 0.0 0.0 0.0 0.0 0.0
0.0 0.0 0.8107038693304307 0.5854564341201384 0.0 0.0 0.0 0.0 0.0 0.0
0.0 0.0 0.0 0.0 0.255803886292428 -0.9667286960454264 0.0 0.0 0.0 0.0
0.0 0.0 0.0 0.0 0.9667286960454264 0.255803886292428 0.0 0.0 0.0 0.0
0.0 0.0 0.0 0.0 0.0 0.0 -0.8412064508578023 -0.5407140714233538 0.0 0.0
0.0 0.0 0.0 0.0 0.0 0.0 0.5407140714233538 -0.8412064508578023 0.0 0.0
0.0 0.0 0.0 0.0 0.0 0.0 0.0 0.0 0.36587312956560947 -0.9306647371969493
0.0 0.0 0.0 0.0 0.0 0.0 0.0 0.0 0.9306647371969493 0.36587312956560947

########################################
Bin 20 (Trace Range: 1.80 to 2.00)
-0.9986799792991212 0.05136437429879579 0.0 0.0 0.0 0.0 0.0 0.0 0.0 0.0
-0.05136437429879579 -0.9986799792991212 0.0 0.0 0.0 0.0 0.0 0.0 0.0 0.0
0.0 0.0 0.9588246290113015 -0.28399882183090136 0.0 0.0 0.0 0.0 0.0 0.0
0.0 0.0 0.28399882183090136 0.9588246290113015 0.0 0.0 0.0 0.0 0.0 0.0
0.0 0.0 0.0 0.0 -0.7050483658740121 -0.7091592217396494 0.0 0.0 0.0 0.0
0.0 0.0 0.0 0.0 0.7091592217396494 -0.7050483658740121 0.0 0.0 0.0 0.0
0.0 0.0 0.0 0.0 0.0 0.0 0.8698657240156047 -0.4932885790111179 0.0 0.0
0.0 0.0 0.0 0.0 0.0 0.0 0.4932885790111179 0.8698657240156047 0.0 0.0
0.0 0.0 0.0 0.0 0.0 0.0 0.0 0.0 0.8059927465011534 0.5919254113378876
0.0 0.0 0.0 0.0 0.0 0.0 0.0 0.0 -0.5919254113378876 0.8059927465011534

-0.9500897781969282 -0.3119766231077448 0.0 0.0 0.0 0.0 0.0 0.0 0.0 0.0
0.3119766231077448 -0.9500897781969282 0.0 0.0 0.0 0.0 0.0 0.0 0.0 0.0
0.0 0.0 0.9073243455915674 -0.42043136407365467 0.0 0.0 0.0 0.0 0.0 0.0
0.0 0.0 0.42043136407365467 0.9073243455915674 0.0 0.0 0.0 0.0 0.0 0.0
0.0 0.0 0.0 0.0 -0.2967844714341516 0.9549444892325162 0.0 0.0 0.0 0.0
0.0 0.0 0.0 0.0 -0.9549444892325162 -0.2967844714341516 0.0 0.0 0.0 0.0
0.0 0.0 0.0 0.0 0.0 0.0 0.3343397789949077 -0.9424526047402259 0.0 0.0
0.0 0.0 0.0 0.0 0.0 0.0 0.9424526047402259 0.3343397789949077 0.0 0.0
0.0 0.0 0.0 0.0 0.0 0.0 0.0 0.0 0.9936578910547873 -0.11244552256338343
0.0 0.0 0.0 0.0 0.0 0.0 0.0 0.0 0.11244552256338343 0.9936578910547873

-0.42963126655330486 -0.9030044157144543 0.0 0.0 0.0 0.0 0.0 0.0 0.0 0.0
0.9030044157144543 -0.42963126655330486 0.0 0.0 0.0 0.0 0.0 0.0 0.0 0.0
0.0 0.0 0.2288504030716377 -0.9734616032561063 0.0 0.0 0.0 0.0 0.0 0.0
0.0 0.0 0.9734616032561063 0.2288504030716377 0.0 0.0 0.0 0.0 0.0 0.0
0.0 0.0 0.0 0.0 -0.1845717847402116 -0.9828190353660297 0.0 0.0 0.0 0.0
0.0 0.0 0.0 0.0 0.9828190353660297 -0.1845717847402116 0.0 0.0 0.0 0.0
0.0 0.0 0.0 0.0 0.0 0.0 0.4569806076868681 -0.8894766574779468 0.0 0.0
0.0 0.0 0.0 0.0 0.0 0.0 0.8894766574779468 0.4569806076868681 0.0 0.0
0.0 0.0 0.0 0.0 0.0 0.0 0.0 0.0 0.8971734015224633 0.441678488949386
0.0 0.0 0.0 0.0 0.0 0.0 0.0 0.0 -0.441678488949386 0.8971734015224633

0.6518198570058656 0.7583738352638841 0.0 0.0 0.0 0.0 0.0 0.0 0.0 0.0
-0.7583738352638841 0.6518198570058656 0.0 0.0 0.0 0.0 0.0 0.0 0.0 0.0
0.0 0.0 0.8123643904870137 -0.5831501496773046 0.0 0.0 0.0 0.0 0.0 0.0
0.0 0.0 0.5831501496773046 0.8123643904870137 0.0 0.0 0.0 0.0 0.0 0.0
0.0 0.0 0.0 0.0 0.9117273461507495 -0.410795869357168 0.0 0.0 0.0 0.0
0.0 0.0 0.0 0.0 0.410795869357168 0.9117273461507495 0.0 0.0 0.0 0.0
0.0 0.0 0.0 0.0 0.0 0.0 -0.999999980360249 -0.0001981905691280119 0.0 0.0
0.0 0.0 0.0 0.0 0.0 0.0 0.0001981905691280119 -0.999999980360249 0.0 0.0
0.0 0.0 0.0 0.0 0.0 0.0 0.0 0.0 -0.4735716204079298 -0.8807553124132761
0.0 0.0 0.0 0.0 0.0 0.0 0.0 0.0 0.8807553124132761 -0.4735716204079298

0.9994443640787359 -0.03333111326150442 0.0 0.0 0.0 0.0 0.0 0.0 0.0 0.0
0.03333111326150442 0.9994443640787359 0.0 0.0 0.0 0.0 0.0 0.0 0.0 0.0
0.0 0.0 0.978214268740713 -0.20759779486322094 0.0 0.0 0.0 0.0 0.0 0.0
0.0 0.0 0.20759779486322094 0.978214268740713 0.0 0.0 0.0 0.0 0.0 0.0
0.0 0.0 0.0 0.0 0.2664864349209009 -0.9638386690744195 0.0 0.0 0.0 0.0
0.0 0.0 0.0 0.0 0.9638386690744195 0.2664864349209009 0.0 0.0 0.0 0.0
0.0 0.0 0.0 0.0 0.0 0.0 -0.8829403798340189 0.4694851282613312 0.0 0.0
0.0 0.0 0.0 0.0 0.0 0.0 -0.4694851282613312 -0.8829403798340189 0.0 0.0
0.0 0.0 0.0 0.0 0.0 0.0 0.0 0.0 -0.45752626345732766 -0.8891961078675367
0.0 0.0 0.0 0.0 0.0 0.0 0.0 0.0 0.8891961078675367 -0.45752626345732766

########################################
